  1:     0.968  0.000  0.031       21
  2:     0.956  0.001  0.044       36
  3:     0.860  0.045  0.095       66
  4:     0.825  0.082  0.093       52
  5:     0.836  0.098  0.067       71
  6:     0.971  0.001  0.028       46
  7:     0.978  0.013  0.009       58
  8:     0.921  0.042  0.036       58
  9:     0.928  0.009  0.064       33
 10:     0.975  0.023  0.003       27
 11:     0.862  0.036  0.102       25
 12:     0.934  0.048  0.018       31
 13:     0.982  0.001  0.017       52
 14:     0.969  0.002  0.029       57
 15:     0.960  0.008  0.033       42
 16:     0.925  0.020  0.055       42
 17:     0.962  0.014  0.024       25
 18:     0.780  0.004  0.216       38
 19:     0.536  0.210  0.254       35
 20:     0.653  0.098  0.250       57
 21:     0.641  0.124  0.235        8
 22:     0.518  0.166  0.315       54
 23:     0.803  0.054  0.142       75
 24:     0.703  0.127  0.171       50
 25:     0.815  0.032  0.153       42
 26:     0.634  0.086  0.280       42
 27:     0.050  0.224  0.726       27
 28:     0.092  0.189  0.719       27
 29:     0.062  0.105  0.833       56
 30:     0.014  0.144  0.841       58
 31:     0.040  0.064  0.896       41
 32:     0.019  0.016  0.965       26
 33:     0.190  0.016  0.794       51
 34:     0.010  0.131  0.859       31
 35:     0.018  0.067  0.915       52
 36:     0.008  0.049  0.944       43
 37:     0.045  0.049  0.906       23
 38:     0.015  0.076  0.909       42
 39:     0.060  0.007  0.932       41
 40:     0.033  0.055  0.911       33
 41:     0.039  0.051  0.909       26
 42:     0.051  0.049  0.900       35
 43:     0.017  0.017  0.966       22
 44:     0.088  0.169  0.742       52
 45:     0.074  0.090  0.837       41
 46:     0.020  0.587  0.393       46
 47:     0.007  0.771  0.222       38
 48:     0.009  0.802  0.189       58
 49:     0.014  0.634  0.352       55
 50:     0.027  0.834  0.139       61
 51:     0.031  0.705  0.264       35
 52:     0.000  0.874  0.125       23
 53:     0.050  0.875  0.075       52
 54:     0.015  0.891  0.094       22
 55:     0.005  0.960  0.035       35
 56:     0.000  0.881  0.118       14
 57:     0.009  0.941  0.050       42
 58:     0.036  0.898  0.066       39
 59:     0.027  0.890  0.082       56
 60:     0.034  0.933  0.033       49
 61:     0.001  0.995  0.004       27
 62:     0.011  0.983  0.007       41
 63:     0.000  0.999  0.001       33


  1:     0.968  0.031  0.000       21
  2:     0.956  0.044  0.001       36
  3:     0.860  0.095  0.045       66
  4:     0.825  0.093  0.082       52
  5:     0.836  0.067  0.098       71
  6:     0.971  0.028  0.001       46
  7:     0.978  0.009  0.013       58
  8:     0.921  0.036  0.042       58
  9:     0.927  0.064  0.009       33
 10:     0.975  0.003  0.023       27
 11:     0.862  0.102  0.036       25
 12:     0.934  0.018  0.048       31
 13:     0.982  0.017  0.002       52
 14:     0.969  0.029  0.002       57
 15:     0.959  0.033  0.008       42
 16:     0.925  0.055  0.020       42
 17:     0.962  0.024  0.014       25
 18:     0.780  0.216  0.004       38
 19:     0.535  0.255  0.210       35
 20:     0.652  0.250  0.098       57
 21:     0.641  0.235  0.124        8
 22:     0.518  0.315  0.166       54
 23:     0.803  0.142  0.054       75
 24:     0.702  0.171  0.127       50
 25:     0.814  0.154  0.032       42
 26:     0.634  0.280  0.086       42
 27:     0.050  0.726  0.224       27
 28:     0.092  0.719  0.189       27
 29:     0.062  0.833  0.105       56
 30:     0.014  0.841  0.144       58
 31:     0.040  0.896  0.064       41
 32:     0.019  0.965  0.016       26
 33:     0.190  0.794  0.016       51
 34:     0.010  0.859  0.131       31
 35:     0.018  0.915  0.067       52
 36:     0.008  0.944  0.049       43
 37:     0.045  0.906  0.049       23
 38:     0.015  0.909  0.076       42
 39:     0.060  0.933  0.007       41
 40:     0.034  0.911  0.055       33
 41:     0.039  0.910  0.051       26
 42:     0.051  0.900  0.049       35
 43:     0.017  0.967  0.017       22
 44:     0.088  0.742  0.170       52
 45:     0.074  0.837  0.090       41
 46:     0.020  0.392  0.588       46
 47:     0.006  0.222  0.771       38
 48:     0.009  0.190  0.801       58
 49:     0.014  0.352  0.634       55
 50:     0.027  0.139  0.834       61
 51:     0.031  0.264  0.705       35
 52:     0.000  0.125  0.875       23
 53:     0.050  0.075  0.875       52
 54:     0.015  0.093  0.891       22
 55:     0.005  0.035  0.960       35
 56:     0.001  0.118  0.881       14
 57:     0.010  0.049  0.941       42
 58:     0.036  0.066  0.898       39
 59:     0.027  0.082  0.890       56
 60:     0.034  0.033  0.933       49
 61:     0.001  0.004  0.995       27
 62:     0.011  0.007  0.983       41
 63:     0.000  0.001  0.999       33


  1:     0.031  0.000  0.968       21
  2:     0.044  0.001  0.956       36
  3:     0.095  0.045  0.860       66
  4:     0.093  0.082  0.825       52
  5:     0.067  0.098  0.836       71
  6:     0.028  0.001  0.971       46
  7:     0.009  0.013  0.978       58
  8:     0.036  0.042  0.921       58
  9:     0.064  0.009  0.927       33
 10:     0.003  0.023  0.975       27
 11:     0.102  0.036  0.862       25
 12:     0.018  0.048  0.934       31
 13:     0.017  0.001  0.982       52
 14:     0.029  0.002  0.969       57
 15:     0.033  0.008  0.959       42
 16:     0.055  0.020  0.925       42
 17:     0.024  0.014  0.962       25
 18:     0.216  0.004  0.780       38
 19:     0.255  0.210  0.536       35
 20:     0.249  0.098  0.653       57
 21:     0.235  0.124  0.641        8
 22:     0.315  0.166  0.519       54
 23:     0.143  0.054  0.803       75
 24:     0.171  0.127  0.702       50
 25:     0.154  0.032  0.814       42
 26:     0.280  0.086  0.634       42
 27:     0.726  0.224  0.050       27
 28:     0.720  0.189  0.092       27
 29:     0.833  0.105  0.062       56
 30:     0.842  0.144  0.014       58
 31:     0.896  0.064  0.040       41
 32:     0.965  0.016  0.019       26
 33:     0.794  0.016  0.190       51
 34:     0.859  0.131  0.010       31
 35:     0.915  0.067  0.018       52
 36:     0.944  0.049  0.008       43
 37:     0.906  0.049  0.045       23
 38:     0.909  0.076  0.015       42
 39:     0.933  0.007  0.060       41
 40:     0.911  0.055  0.034       33
 41:     0.910  0.051  0.039       26
 42:     0.900  0.049  0.051       35
 43:     0.967  0.017  0.017       22
 44:     0.742  0.169  0.088       52
 45:     0.837  0.089  0.074       41
 46:     0.393  0.588  0.020       46
 47:     0.222  0.772  0.006       38
 48:     0.190  0.801  0.009       58
 49:     0.352  0.634  0.014       55
 50:     0.139  0.834  0.027       61
 51:     0.264  0.706  0.031       35
 52:     0.125  0.875  0.000       23
 53:     0.075  0.875  0.050       52
 54:     0.093  0.891  0.016       22
 55:     0.035  0.960  0.005       35
 56:     0.118  0.881  0.001       14
 57:     0.049  0.941  0.009       42
 58:     0.066  0.898  0.036       39
 59:     0.082  0.890  0.027       56
 60:     0.033  0.933  0.034       49
 61:     0.004  0.995  0.001       27
 62:     0.007  0.983  0.011       41
 63:     0.001  0.999  0.000       33


  1:     0.000  0.968  0.031       21
  2:     0.001  0.956  0.044       36
  3:     0.045  0.860  0.095       66
  4:     0.082  0.826  0.092       52
  5:     0.098  0.836  0.067       71
  6:     0.001  0.971  0.028       46
  7:     0.013  0.978  0.009       58
  8:     0.042  0.921  0.036       58
  9:     0.009  0.928  0.063       33
 10:     0.023  0.975  0.003       27
 11:     0.036  0.862  0.102       25
 12:     0.047  0.934  0.018       31
 13:     0.001  0.982  0.017       52
 14:     0.002  0.969  0.028       57
 15:     0.008  0.959  0.033       42
 16:     0.020  0.925  0.055       42
 17:     0.014  0.962  0.024       25
 18:     0.004  0.780  0.216       38
 19:     0.210  0.536  0.255       35
 20:     0.098  0.653  0.250       57
 21:     0.124  0.640  0.236        8
 22:     0.166  0.518  0.315       54
 23:     0.054  0.803  0.142       75
 24:     0.127  0.702  0.171       50
 25:     0.032  0.814  0.154       42
 26:     0.086  0.634  0.280       42
 27:     0.224  0.050  0.726       27
 28:     0.189  0.092  0.719       27
 29:     0.105  0.062  0.833       56
 30:     0.144  0.014  0.841       58
 31:     0.064  0.040  0.896       41
 32:     0.016  0.019  0.965       26
 33:     0.016  0.190  0.794       51
 34:     0.131  0.010  0.859       31
 35:     0.067  0.018  0.915       52
 36:     0.049  0.008  0.944       43
 37:     0.049  0.045  0.906       23
 38:     0.076  0.015  0.909       42
 39:     0.007  0.060  0.933       41
 40:     0.055  0.033  0.911       33
 41:     0.051  0.039  0.910       26
 42:     0.049  0.051  0.900       35
 43:     0.017  0.017  0.967       22
 44:     0.170  0.088  0.742       52
 45:     0.089  0.074  0.837       41
 46:     0.587  0.020  0.393       46
 47:     0.771  0.006  0.222       38
 48:     0.801  0.009  0.190       58
 49:     0.634  0.014  0.352       55
 50:     0.834  0.027  0.139       61
 51:     0.705  0.031  0.264       35
 52:     0.874  0.000  0.125       23
 53:     0.875  0.050  0.075       52
 54:     0.891  0.016  0.093       22
 55:     0.960  0.005  0.035       35
 56:     0.881  0.001  0.118       14
 57:     0.941  0.010  0.049       42
 58:     0.898  0.036  0.066       39
 59:     0.890  0.027  0.082       56
 60:     0.933  0.034  0.033       49
 61:     0.995  0.000  0.004       27
 62:     0.983  0.011  0.006       41
 63:     0.999  0.000  0.001       33


  1:     0.968  0.000  0.031       21
  2:     0.956  0.001  0.043       36
  3:     0.860  0.045  0.095       66
  4:     0.825  0.082  0.093       52
  5:     0.835  0.098  0.067       71
  6:     0.971  0.001  0.028       46
  7:     0.978  0.013  0.009       58
  8:     0.921  0.042  0.036       58
  9:     0.928  0.009  0.064       33
 10:     0.975  0.023  0.003       27
 11:     0.862  0.036  0.102       25
 12:     0.934  0.047  0.018       31
 13:     0.982  0.002  0.017       52
 14:     0.969  0.002  0.028       57
 15:     0.960  0.008  0.033       42
 16:     0.925  0.020  0.055       42
 17:     0.962  0.014  0.024       25
 18:     0.780  0.003  0.216       38
 19:     0.536  0.210  0.254       35
 20:     0.653  0.098  0.249       57
 21:     0.641  0.124  0.235        8
 22:     0.519  0.167  0.315       54
 23:     0.803  0.054  0.142       75
 24:     0.703  0.127  0.171       50
 25:     0.814  0.032  0.154       42
 26:     0.634  0.086  0.280       42
 27:     0.050  0.225  0.726       27
 28:     0.092  0.189  0.719       27
 29:     0.062  0.105  0.833       56
 30:     0.014  0.144  0.841       58
 31:     0.040  0.064  0.896       41
 32:     0.019  0.016  0.965       26
 33:     0.190  0.016  0.794       51
 34:     0.010  0.131  0.859       31
 35:     0.018  0.067  0.915       52
 36:     0.008  0.049  0.944       43
 37:     0.045  0.049  0.906       23
 38:     0.015  0.076  0.909       42
 39:     0.060  0.007  0.933       41
 40:     0.033  0.055  0.911       33
 41:     0.039  0.051  0.910       26
 42:     0.051  0.049  0.900       35
 43:     0.017  0.017  0.967       22
 44:     0.088  0.170  0.742       52
 45:     0.073  0.090  0.837       41
 46:     0.020  0.587  0.393       46
 47:     0.006  0.772  0.222       38
 48:     0.009  0.802  0.189       58
 49:     0.014  0.634  0.352       55
 50:     0.027  0.834  0.139       61
 51:     0.031  0.706  0.264       35
 52:     0.000  0.874  0.125       23
 53:     0.050  0.875  0.075       52
 54:     0.015  0.891  0.094       22
 55:     0.005  0.960  0.035       35
 56:     0.001  0.881  0.118       14
 57:     0.010  0.941  0.049       42
 58:     0.036  0.898  0.066       39
 59:     0.027  0.890  0.083       56
 60:     0.034  0.933  0.033       49
 61:     0.000  0.995  0.004       27
 62:     0.011  0.983  0.007       41
 63:     0.000  0.999  0.001       33


  1:     0.031  0.000  0.968       21
  2:     0.043  0.001  0.956       36
  3:     0.095  0.045  0.860       66
  4:     0.093  0.082  0.825       52
  5:     0.067  0.098  0.836       71
  6:     0.028  0.001  0.971       46
  7:     0.009  0.013  0.978       58
  8:     0.036  0.042  0.921       58
  9:     0.063  0.009  0.927       33
 10:     0.003  0.022  0.975       27
 11:     0.102  0.036  0.862       25
 12:     0.018  0.047  0.934       31
 13:     0.017  0.001  0.982       52
 14:     0.028  0.002  0.969       57
 15:     0.033  0.008  0.959       42
 16:     0.055  0.020  0.925       42
 17:     0.024  0.014  0.962       25
 18:     0.216  0.004  0.780       38
 19:     0.255  0.210  0.536       35
 20:     0.249  0.098  0.653       57
 21:     0.235  0.124  0.641        8
 22:     0.315  0.166  0.519       54
 23:     0.142  0.054  0.803       75
 24:     0.171  0.127  0.702       50
 25:     0.154  0.032  0.814       42
 26:     0.280  0.086  0.634       42
 27:     0.726  0.224  0.050       27
 28:     0.719  0.189  0.092       27
 29:     0.833  0.105  0.062       56
 30:     0.841  0.144  0.014       58
 31:     0.896  0.064  0.040       41
 32:     0.965  0.016  0.019       26
 33:     0.794  0.016  0.190       51
 34:     0.859  0.131  0.010       31
 35:     0.915  0.067  0.018       52
 36:     0.944  0.049  0.008       43
 37:     0.906  0.049  0.045       23
 38:     0.909  0.076  0.015       42
 39:     0.932  0.007  0.060       41
 40:     0.911  0.055  0.034       33
 41:     0.910  0.051  0.039       26
 42:     0.900  0.049  0.051       35
 43:     0.967  0.017  0.017       22
 44:     0.742  0.170  0.088       52
 45:     0.837  0.090  0.074       41
 46:     0.392  0.588  0.020       46
 47:     0.222  0.772  0.007       38
 48:     0.190  0.802  0.009       58
 49:     0.351  0.635  0.014       55
 50:     0.139  0.834  0.027       61
 51:     0.264  0.706  0.031       35
 52:     0.125  0.875  0.000       23
 53:     0.075  0.875  0.050       52
 54:     0.093  0.891  0.016       22
 55:     0.035  0.960  0.005       35
 56:     0.118  0.881  0.001       14
 57:     0.049  0.941  0.010       42
 58:     0.066  0.898  0.036       39
 59:     0.082  0.891  0.027       56
 60:     0.033  0.933  0.034       49
 61:     0.004  0.995  0.001       27
 62:     0.006  0.983  0.011       41
 63:     0.001  0.999  0.000       33


  1:     0.000  0.952  0.048       21
  2:     0.000  0.972  0.028       36
  3:     0.045  0.879  0.076       66
  4:     0.058  0.846  0.096       52
  5:     0.099  0.845  0.056       71
  6:     0.000  0.978  0.022       46
  7:     0.000  1.000  0.000       58
  8:     0.034  0.948  0.017       58
  9:     0.000  0.970  0.030       33
 10:     0.000  1.000  0.000       27
 11:     0.040  0.920  0.040       25
 12:     0.065  0.935  0.000       31
 13:     0.000  1.000  0.000       52
 14:     0.000  1.000  0.000       57
 15:     0.000  0.976  0.024       42
 16:     0.024  0.952  0.024       42
 17:     0.000  0.960  0.040       25
 18:     0.000  0.789  0.211       38
 19:     0.200  0.600  0.200       35
 20:     0.088  0.684  0.228       57
 21:     0.125  0.750  0.125        8
 22:     0.130  0.593  0.278       54
 23:     0.040  0.893  0.067       75
 24:     0.120  0.760  0.120       50
 25:     0.000  0.857  0.143       42
 26:     0.071  0.667  0.262       42
 27:     0.148  0.037  0.815       27
 28:     0.185  0.074  0.741       27
 29:     0.143  0.036  0.821       56
 30:     0.138  0.000  0.862       58
 31:     0.049  0.049  0.902       41
 32:     0.000  0.000  1.000       26
 33:     0.000  0.216  0.784       51
 34:     0.097  0.000  0.903       31
 35:     0.019  0.019  0.962       52
 36:     0.023  0.000  0.977       43
 37:     0.043  0.043  0.913       23
 38:     0.048  0.000  0.952       42
 39:     0.000  0.024  0.976       41
 40:     0.030  0.030  0.939       33
 41:     0.038  0.038  0.923       26
 42:     0.029  0.029  0.943       35
 43:     0.000  0.000  1.000       22
 44:     0.096  0.077  0.827       52
 45:     0.049  0.073  0.878       41
 46:     0.543  0.022  0.435       46
 47:     0.789  0.000  0.211       38
 48:     0.862  0.000  0.138       58
 49:     0.618  0.000  0.382       55
 50:     0.869  0.033  0.098       61
 51:     0.743  0.029  0.229       35
 52:     0.913  0.000  0.087       23
 53:     0.885  0.038  0.077       52
 54:     0.909  0.000  0.091       22
 55:     0.971  0.000  0.029       35
 56:     0.929  0.000  0.071       14
 57:     0.929  0.024  0.048       42
 58:     0.923  0.051  0.026       39
 59:     0.946  0.018  0.036       56
 60:     0.959  0.041  0.000       49
 61:     1.000  0.000  0.000       27
 62:     1.000  0.000  0.000       41
 63:     1.000  0.000  0.000       33


  1:     0.952  0.048  0.000       21
  2:     0.972  0.028  0.000       36
  3:     0.864  0.091  0.045       66
  4:     0.827  0.096  0.077       52
  5:     0.845  0.042  0.113       71
  6:     0.978  0.022  0.000       46
  7:     0.983  0.000  0.017       58
  8:     0.931  0.034  0.034       58
  9:     0.970  0.030  0.000       33
 10:     1.000  0.000  0.000       27
 11:     0.880  0.080  0.040       25
 12:     0.935  0.000  0.065       31
 13:     1.000  0.000  0.000       52
 14:     1.000  0.000  0.000       57
 15:     0.976  0.024  0.000       42
 16:     0.952  0.024  0.024       42
 17:     0.960  0.040  0.000       25
 18:     0.789  0.211  0.000       38
 19:     0.629  0.171  0.200       35
 20:     0.772  0.140  0.088       57
 21:     0.750  0.125  0.125        8
 22:     0.611  0.259  0.130       54
 23:     0.893  0.040  0.067       75
 24:     0.760  0.120  0.120       50
 25:     0.857  0.119  0.024       42
 26:     0.690  0.238  0.071       42
 27:     0.074  0.778  0.148       27
 28:     0.074  0.741  0.185       27
 29:     0.054  0.804  0.143       56
 30:     0.000  0.845  0.155       58
 31:     0.049  0.902  0.049       41
 32:     0.038  0.962  0.000       26
 33:     0.176  0.824  0.000       51
 34:     0.000  0.839  0.161       31
 35:     0.019  0.904  0.077       52
 36:     0.000  0.953  0.047       43
 37:     0.043  0.913  0.043       23
 38:     0.000  0.952  0.048       42
 39:     0.024  0.976  0.000       41
 40:     0.030  0.939  0.030       33
 41:     0.038  0.923  0.038       26
 42:     0.029  0.914  0.057       35
 43:     0.000  1.000  0.000       22
 44:     0.077  0.827  0.096       52
 45:     0.073  0.854  0.073       41
 46:     0.022  0.391  0.587       46
 47:     0.000  0.184  0.816       38
 48:     0.000  0.138  0.862       58
 49:     0.000  0.345  0.655       55
 50:     0.033  0.098  0.869       61
 51:     0.029  0.229  0.743       35
 52:     0.000  0.087  0.913       23
 53:     0.038  0.077  0.885       52
 54:     0.045  0.045  0.909       22
 55:     0.000  0.029  0.971       35
 56:     0.000  0.071  0.929       14
 57:     0.000  0.024  0.976       42
 58:     0.051  0.026  0.923       39
 59:     0.018  0.036  0.946       56
 60:     0.041  0.020  0.939       49
 61:     0.000  0.000  1.000       27
 62:     0.000  0.000  1.000       41
 63:     0.000  0.000  1.000       33


  1:     0.048  0.952  0.000       21
  2:     0.000  1.000  0.000       36
  3:     0.091  0.864  0.045       66
  4:     0.096  0.827  0.077       52
  5:     0.085  0.817  0.099       71
  6:     0.022  0.978  0.000       46
  7:     0.000  0.966  0.034       58
  8:     0.034  0.931  0.034       58
  9:     0.030  0.970  0.000       33
 10:     0.000  0.963  0.037       27
 11:     0.080  0.880  0.040       25
 12:     0.000  0.935  0.065       31
 13:     0.000  1.000  0.000       52
 14:     0.000  1.000  0.000       57
 15:     0.024  0.976  0.000       42
 16:     0.048  0.929  0.024       42
 17:     0.000  0.960  0.040       25
 18:     0.184  0.816  0.000       38
 19:     0.200  0.629  0.171       35
 20:     0.158  0.754  0.088       57
 21:     0.125  0.750  0.125        8
 22:     0.185  0.611  0.204       54
 23:     0.053  0.880  0.067       75
 24:     0.120  0.740  0.140       50
 25:     0.095  0.857  0.048       42
 26:     0.262  0.667  0.071       42
 27:     0.852  0.037  0.111       27
 28:     0.741  0.074  0.185       27
 29:     0.839  0.036  0.125       56
 30:     0.845  0.000  0.155       58
 31:     0.902  0.049  0.049       41
 32:     1.000  0.000  0.000       26
 33:     0.804  0.196  0.000       51
 34:     0.839  0.000  0.161       31
 35:     0.904  0.019  0.077       52
 36:     0.953  0.000  0.047       43
 37:     0.913  0.043  0.043       23
 38:     0.952  0.000  0.048       42
 39:     0.951  0.049  0.000       41
 40:     0.909  0.030  0.061       33
 41:     0.923  0.038  0.038       26
 42:     0.943  0.029  0.029       35
 43:     1.000  0.000  0.000       22
 44:     0.692  0.096  0.212       52
 45:     0.732  0.073  0.195       41
 46:     0.370  0.022  0.609       46
 47:     0.158  0.000  0.842       38
 48:     0.121  0.000  0.879       58
 49:     0.109  0.018  0.873       55
 50:     0.016  0.033  0.951       61
 51:     0.171  0.029  0.800       35
 52:     0.043  0.000  0.957       23
 53:     0.096  0.038  0.865       52
 54:     0.000  0.045  0.955       22
 55:     0.029  0.000  0.971       35
 56:     0.071  0.000  0.929       14
 57:     0.024  0.000  0.976       42
 58:     0.026  0.051  0.923       39
 59:     0.036  0.018  0.946       56
 60:     0.020  0.041  0.939       49
 61:     0.000  0.000  1.000       27
 62:     0.000  0.000  1.000       41
 63:     0.000  0.000  1.000       33


  1:     0.000  0.048  0.952       21
  2:     0.000  0.000  1.000       36
  3:     0.030  0.076  0.894       66
  4:     0.096  0.096  0.808       52
  5:     0.099  0.056  0.845       71
  6:     0.000  0.022  0.978       46
  7:     0.017  0.000  0.983       58
  8:     0.034  0.017  0.948       58
  9:     0.000  0.030  0.970       33
 10:     0.000  0.000  1.000       27
 11:     0.040  0.080  0.880       25
 12:     0.065  0.000  0.935       31
 13:     0.000  0.000  1.000       52
 14:     0.000  0.000  1.000       57
 15:     0.000  0.024  0.976       42
 16:     0.024  0.024  0.952       42
 17:     0.000  0.040  0.960       25
 18:     0.000  0.211  0.789       38
 19:     0.229  0.171  0.600       35
 20:     0.088  0.175  0.737       57
 21:     0.125  0.125  0.750        8
 22:     0.167  0.278  0.556       54
 23:     0.053  0.067  0.880       75
 24:     0.120  0.100  0.780       50
 25:     0.000  0.143  0.857       42
 26:     0.071  0.190  0.738       42
 27:     0.222  0.741  0.037       27
 28:     0.185  0.741  0.074       27
 29:     0.125  0.821  0.054       56
 30:     0.172  0.828  0.000       58
 31:     0.049  0.902  0.049       41
 32:     0.038  0.962  0.000       26
 33:     0.000  0.784  0.216       51
 34:     0.161  0.839  0.000       31
 35:     0.019  0.962  0.019       52
 36:     0.023  0.977  0.000       43
 37:     0.043  0.913  0.043       23
 38:     0.048  0.952  0.000       42
 39:     0.024  0.951  0.024       41
 40:     0.030  0.909  0.061       33
 41:     0.038  0.923  0.038       26
 42:     0.057  0.914  0.029       35
 43:     0.000  1.000  0.000       22
 44:     0.154  0.769  0.077       52
 45:     0.049  0.902  0.049       41
 46:     0.543  0.457  0.000       46
 47:     0.789  0.211  0.000       38
 48:     0.862  0.138  0.000       58
 49:     0.655  0.345  0.000       55
 50:     0.852  0.131  0.016       61
 51:     0.743  0.229  0.029       35
 52:     0.913  0.087  0.000       23
 53:     0.885  0.077  0.038       52
 54:     0.909  0.091  0.000       22
 55:     0.971  0.029  0.000       35
 56:     0.929  0.071  0.000       14
 57:     0.952  0.048  0.000       42
 58:     0.923  0.026  0.051       39
 59:     0.929  0.054  0.018       56
 60:     0.939  0.020  0.041       49
 61:     1.000  0.000  0.000       27
 62:     1.000  0.000  0.000       41
 63:     1.000  0.000  0.000       33


  1:     0.952  0.000  0.048       21
  2:     0.972  0.000  0.028       36
  3:     0.879  0.045  0.076       66
  4:     0.827  0.077  0.096       52
  5:     0.845  0.113  0.042       71
  6:     0.978  0.000  0.022       46
  7:     0.966  0.034  0.000       58
  8:     0.931  0.034  0.034       58
  9:     0.970  0.000  0.030       33
 10:     1.000  0.000  0.000       27
 11:     0.880  0.040  0.080       25
 12:     0.935  0.065  0.000       31
 13:     1.000  0.000  0.000       52
 14:     1.000  0.000  0.000       57
 15:     0.976  0.000  0.024       42
 16:     0.952  0.024  0.024       42
 17:     0.960  0.040  0.000       25
 18:     0.789  0.000  0.211       38
 19:     0.629  0.229  0.143       35
 20:     0.719  0.088  0.193       57
 21:     0.750  0.125  0.125        8
 22:     0.593  0.185  0.222       54
 23:     0.893  0.053  0.053       75
 24:     0.740  0.140  0.120       50
 25:     0.833  0.048  0.119       42
 26:     0.690  0.071  0.238       42
 27:     0.037  0.296  0.667       27
 28:     0.074  0.185  0.741       27
 29:     0.036  0.143  0.821       56
 30:     0.000  0.155  0.845       58
 31:     0.049  0.049  0.902       41
 32:     0.000  0.038  0.962       26
 33:     0.176  0.020  0.804       51
 34:     0.000  0.161  0.839       31
 35:     0.019  0.077  0.904       52
 36:     0.000  0.047  0.953       43
 37:     0.043  0.043  0.913       23
 38:     0.000  0.048  0.952       42
 39:     0.049  0.024  0.927       41
 40:     0.061  0.061  0.879       33
 41:     0.038  0.038  0.923       26
 42:     0.029  0.057  0.914       35
 43:     0.000  0.000  1.000       22
 44:     0.096  0.231  0.673       52
 45:     0.073  0.171  0.756       41
 46:     0.022  0.630  0.348       46
 47:     0.000  0.868  0.132       38
 48:     0.000  0.931  0.069       58
 49:     0.018  0.873  0.109       55
 50:     0.033  0.951  0.016       61
 51:     0.029  0.800  0.171       35
 52:     0.000  0.957  0.043       23
 53:     0.038  0.885  0.077       52
 54:     0.000  0.955  0.045       22
 55:     0.000  0.971  0.029       35
 56:     0.000  0.929  0.071       14
 57:     0.000  0.976  0.024       42
 58:     0.051  0.923  0.026       39
 59:     0.018  0.946  0.036       56
 60:     0.041  0.918  0.041       49
 61:     0.000  1.000  0.000       27
 62:     0.000  1.000  0.000       41
 63:     0.000  1.000  0.000       33


  1:     0.048  0.952  0.000       21
  2:     0.028  0.972  0.000       36
  3:     0.076  0.879  0.045       66
  4:     0.096  0.808  0.096       52
  5:     0.042  0.845  0.113       71
  6:     0.022  0.978  0.000       46
  7:     0.000  0.966  0.034       58
  8:     0.017  0.948  0.034       58
  9:     0.030  0.970  0.000       33
 10:     0.000  1.000  0.000       27
 11:     0.080  0.880  0.040       25
 12:     0.000  0.935  0.065       31
 13:     0.000  1.000  0.000       52
 14:     0.000  1.000  0.000       57
 15:     0.024  0.976  0.000       42
 16:     0.024  0.952  0.024       42
 17:     0.000  0.960  0.040       25
 18:     0.211  0.789  0.000       38
 19:     0.114  0.629  0.257       35
 20:     0.175  0.737  0.088       57
 21:     0.125  0.750  0.125        8
 22:     0.259  0.593  0.148       54
 23:     0.053  0.880  0.067       75
 24:     0.120  0.740  0.140       50
 25:     0.143  0.833  0.024       42
 26:     0.262  0.667  0.071       42
 27:     0.704  0.037  0.259       27
 28:     0.741  0.074  0.185       27
 29:     0.821  0.036  0.143       56
 30:     0.845  0.000  0.155       58
 31:     0.902  0.049  0.049       41
 32:     0.962  0.000  0.038       26
 33:     0.804  0.176  0.020       51
 34:     0.839  0.000  0.161       31
 35:     0.904  0.019  0.077       52
 36:     0.953  0.000  0.047       43
 37:     0.913  0.043  0.043       23
 38:     0.952  0.000  0.048       42
 39:     0.976  0.024  0.000       41
 40:     0.909  0.061  0.030       33
 41:     0.923  0.038  0.038       26
 42:     0.914  0.029  0.057       35
 43:     1.000  0.000  0.000       22
 44:     0.673  0.096  0.231       52
 45:     0.780  0.073  0.146       41
 46:     0.348  0.022  0.630       46
 47:     0.132  0.000  0.868       38
 48:     0.086  0.000  0.914       58
 49:     0.145  0.018  0.836       55
 50:     0.033  0.033  0.934       61
 51:     0.171  0.029  0.800       35
 52:     0.043  0.000  0.957       23
 53:     0.077  0.038  0.885       52
 54:     0.045  0.000  0.955       22
 55:     0.029  0.000  0.971       35
 56:     0.071  0.000  0.929       14
 57:     0.024  0.000  0.976       42
 58:     0.026  0.051  0.923       39
 59:     0.036  0.018  0.946       56
 60:     0.020  0.041  0.939       49
 61:     0.000  0.000  1.000       27
 62:     0.000  0.000  1.000       41
 63:     0.000  0.000  1.000       33


