  1:     0.031  0.000  0.968  0.001       21
  2:     0.034  0.000  0.959  0.007       36
  3:     0.085  0.030  0.845  0.041       66
  4:     0.073  0.066  0.805  0.056       52
  5:     0.046  0.113  0.828  0.014       71
  6:     0.025  0.000  0.972  0.002       46
  7:     0.007  0.014  0.975  0.004       58
  8:     0.026  0.032  0.911  0.030       58
  9:     0.054  0.002  0.917  0.026       33
 10:     0.003  0.021  0.950  0.027       27
 11:     0.102  0.048  0.848  0.003       25
 12:     0.019  0.041  0.928  0.011       31
 13:     0.014  0.000  0.982  0.003       52
 14:     0.029  0.001  0.965  0.004       57
 15:     0.035  0.014  0.948  0.004       42
 16:     0.059  0.001  0.913  0.027       42
 17:     0.018  0.010  0.965  0.007       25
 18:     0.221  0.001  0.760  0.018       38
 19:     0.205  0.137  0.498  0.160       35
 20:     0.230  0.088  0.624  0.058       57
 21:     0.249  0.124  0.624  0.003        8
 22:     0.281  0.096  0.486  0.138       54
 23:     0.145  0.018  0.780  0.058       75
 24:     0.170  0.103  0.679  0.049       50
 25:     0.151  0.005  0.773  0.071       42
 26:     0.281  0.041  0.578  0.099       42
 27:     0.600  0.102  0.049  0.250       27
 28:     0.567  0.094  0.088  0.251       27
 29:     0.785  0.040  0.053  0.121       56
 30:     0.751  0.043  0.011  0.195       58
 31:     0.840  0.020  0.036  0.104       41
 32:     0.929  0.028  0.016  0.028       26
 33:     0.778  0.004  0.183  0.035       51
 34:     0.776  0.061  0.010  0.154       31
 35:     0.883  0.021  0.016  0.080       52
 36:     0.897  0.013  0.007  0.083       43
 37:     0.903  0.048  0.029  0.019       23
 38:     0.880  0.046  0.014  0.060       42
 39:     0.932  0.001  0.053  0.014       41
 40:     0.869  0.022  0.030  0.079       33
 41:     0.838  0.046  0.033  0.084       26
 42:     0.865  0.020  0.049  0.067       35
 43:     0.883  0.006  0.013  0.098       22
 44:     0.646  0.161  0.077  0.116       52
 45:     0.693  0.028  0.067  0.211       41
 46:     0.135  0.100  0.010  0.755       46
 47:     0.055  0.025  0.002  0.917       38
 48:     0.054  0.045  0.002  0.899       58
 49:     0.047  0.046  0.005  0.903       55
 50:     0.023  0.054  0.019  0.904       61
 51:     0.104  0.151  0.016  0.729       35
 52:     0.031  0.179  0.000  0.790       23
 53:     0.067  0.688  0.042  0.203       52
 54:     0.046  0.248  0.011  0.695       22
 55:     0.004  0.318  0.006  0.672       35
 56:     0.007  0.308  0.000  0.684       14
 57:     0.039  0.642  0.006  0.313       42
 58:     0.070  0.584  0.020  0.326       39
 59:     0.059  0.879  0.016  0.046       56
 60:     0.020  0.901  0.020  0.059       49
 61:     0.002  0.936  0.000  0.062       27
 62:     0.006  0.953  0.001  0.039       41
 63:     0.000  0.962  0.000  0.038       33


  1:     0.023  0.951  0.026  0.000       21
  2:     0.015  0.724  0.260  0.001       36
  3:     0.052  0.779  0.132  0.037       66
  4:     0.051  0.716  0.160  0.073       52
  5:     0.044  0.701  0.171  0.084       71
  6:     0.016  0.895  0.088  0.001       46
  7:     0.003  0.843  0.142  0.011       58
  8:     0.023  0.835  0.107  0.035       58
  9:     0.045  0.805  0.145  0.005       33
 10:     0.001  0.912  0.061  0.026       27
 11:     0.063  0.809  0.101  0.027       25
 12:     0.010  0.874  0.075  0.041       31
 13:     0.007  0.878  0.114  0.001       52
 14:     0.015  0.898  0.086  0.001       57
 15:     0.014  0.794  0.188  0.004       42
 16:     0.029  0.836  0.119  0.016       42
 17:     0.013  0.854  0.123  0.010       25
 18:     0.072  0.207  0.720  0.001       38
 19:     0.139  0.124  0.597  0.140       35
 20:     0.092  0.096  0.742  0.070       57
 21:     0.126  0.193  0.566  0.115        8
 22:     0.062  0.054  0.782  0.102       54
 23:     0.013  0.057  0.919  0.011       75
 24:     0.054  0.060  0.835  0.051       50
 25:     0.027  0.076  0.891  0.006       42
 26:     0.030  0.025  0.909  0.036       42
 27:     0.638  0.014  0.148  0.199       27
 28:     0.611  0.036  0.172  0.180       27
 29:     0.733  0.051  0.119  0.097       56
 30:     0.795  0.005  0.077  0.123       58
 31:     0.816  0.008  0.117  0.059       41
 32:     0.945  0.009  0.037  0.009       26
 33:     0.715  0.100  0.174  0.011       51
 34:     0.807  0.001  0.067  0.124       31
 35:     0.857  0.007  0.076  0.060       52
 36:     0.881  0.005  0.071  0.043       43
 37:     0.894  0.047  0.017  0.041       23
 38:     0.854  0.005  0.072  0.069       42
 39:     0.747  0.051  0.196  0.006       41
 40:     0.853  0.022  0.082  0.043       33
 41:     0.868  0.017  0.068  0.047       26
 42:     0.816  0.005  0.141  0.038       35
 43:     0.941  0.001  0.046  0.012       22
 44:     0.658  0.054  0.133  0.156       52
 45:     0.767  0.038  0.115  0.079       41
 46:     0.382  0.003  0.061  0.554       46
 47:     0.218  0.001  0.057  0.724       38
 48:     0.191  0.002  0.065  0.742       58
 49:     0.337  0.006  0.076  0.581       55
 50:     0.125  0.018  0.050  0.807       61
 51:     0.269  0.016  0.062  0.653       35
 52:     0.103  0.000  0.035  0.862       23
 53:     0.058  0.016  0.068  0.858       52
 54:     0.066  0.000  0.079  0.855       22
 55:     0.035  0.001  0.044  0.921       35
 56:     0.121  0.000  0.007  0.871       14
 57:     0.047  0.001  0.036  0.915       42
 58:     0.045  0.001  0.091  0.863       39
 59:     0.082  0.025  0.019  0.874       56
 60:     0.027  0.015  0.041  0.917       49
 61:     0.004  0.000  0.004  0.992       27
 62:     0.005  0.017  0.001  0.977       41
 63:     0.001  0.000  0.005  0.994       33


  1:     0.000  0.951  0.026  0.023       21
  2:     0.001  0.725  0.259  0.015       36
  3:     0.037  0.779  0.132  0.052       66
  4:     0.073  0.716  0.160  0.051       52
  5:     0.084  0.701  0.171  0.044       71
  6:     0.001  0.896  0.088  0.016       46
  7:     0.011  0.844  0.142  0.003       58
  8:     0.035  0.835  0.107  0.023       58
  9:     0.005  0.805  0.145  0.045       33
 10:     0.026  0.912  0.061  0.001       27
 11:     0.027  0.808  0.102  0.063       25
 12:     0.041  0.874  0.075  0.010       31
 13:     0.001  0.878  0.114  0.007       52
 14:     0.001  0.898  0.086  0.015       57
 15:     0.004  0.794  0.188  0.014       42
 16:     0.016  0.836  0.119  0.029       42
 17:     0.010  0.854  0.123  0.013       25
 18:     0.001  0.207  0.720  0.072       38
 19:     0.139  0.124  0.598  0.139       35
 20:     0.070  0.096  0.742  0.092       57
 21:     0.115  0.191  0.568  0.127        8
 22:     0.102  0.054  0.782  0.062       54
 23:     0.011  0.057  0.919  0.013       75
 24:     0.051  0.061  0.834  0.054       50
 25:     0.006  0.076  0.891  0.027       42
 26:     0.036  0.025  0.909  0.030       42
 27:     0.199  0.014  0.148  0.638       27
 28:     0.181  0.036  0.173  0.610       27
 29:     0.097  0.051  0.119  0.733       56
 30:     0.123  0.005  0.078  0.795       58
 31:     0.059  0.008  0.117  0.816       41
 32:     0.009  0.009  0.037  0.945       26
 33:     0.011  0.100  0.173  0.715       51
 34:     0.124  0.001  0.067  0.807       31
 35:     0.060  0.007  0.076  0.857       52
 36:     0.043  0.005  0.071  0.881       43
 37:     0.041  0.047  0.018  0.895       23
 38:     0.070  0.005  0.072  0.853       42
 39:     0.006  0.051  0.196  0.747       41
 40:     0.043  0.022  0.082  0.853       33
 41:     0.047  0.017  0.068  0.868       26
 42:     0.038  0.005  0.141  0.815       35
 43:     0.013  0.001  0.046  0.941       22
 44:     0.156  0.054  0.133  0.658       52
 45:     0.078  0.038  0.115  0.768       41
 46:     0.555  0.003  0.061  0.381       46
 47:     0.724  0.001  0.057  0.217       38
 48:     0.742  0.002  0.065  0.191       58
 49:     0.581  0.006  0.076  0.337       55
 50:     0.807  0.018  0.050  0.125       61
 51:     0.653  0.016  0.062  0.269       35
 52:     0.863  0.000  0.035  0.102       23
 53:     0.858  0.016  0.068  0.058       52
 54:     0.855  0.000  0.079  0.065       22
 55:     0.921  0.001  0.044  0.035       35
 56:     0.871  0.000  0.008  0.121       14
 57:     0.916  0.001  0.036  0.047       42
 58:     0.863  0.001  0.091  0.044       39
 59:     0.874  0.025  0.019  0.082       56
 60:     0.917  0.015  0.042  0.027       49
 61:     0.992  0.000  0.004  0.004       27
 62:     0.977  0.017  0.001  0.005       41
 63:     0.994  0.000  0.005  0.001       33


  1:     0.000  0.951  0.023  0.026       21
  2:     0.001  0.724  0.015  0.260       36
  3:     0.037  0.778  0.052  0.133       66
  4:     0.073  0.716  0.051  0.160       52
  5:     0.084  0.700  0.044  0.172       71
  6:     0.001  0.895  0.016  0.088       46
  7:     0.011  0.843  0.003  0.142       58
  8:     0.035  0.835  0.023  0.107       58
  9:     0.005  0.805  0.045  0.145       33
 10:     0.026  0.912  0.001  0.061       27
 11:     0.027  0.810  0.062  0.101       25
 12:     0.041  0.874  0.010  0.075       31
 13:     0.001  0.878  0.007  0.114       52
 14:     0.001  0.898  0.015  0.086       57
 15:     0.004  0.795  0.014  0.188       42
 16:     0.016  0.836  0.029  0.119       42
 17:     0.010  0.853  0.013  0.124       25
 18:     0.001  0.207  0.072  0.720       38
 19:     0.140  0.124  0.139  0.597       35
 20:     0.070  0.096  0.092  0.742       57
 21:     0.115  0.192  0.127  0.566        8
 22:     0.102  0.054  0.062  0.782       54
 23:     0.011  0.057  0.013  0.920       75
 24:     0.051  0.060  0.054  0.835       50
 25:     0.006  0.076  0.027  0.891       42
 26:     0.036  0.025  0.030  0.909       42
 27:     0.199  0.014  0.638  0.148       27
 28:     0.181  0.036  0.611  0.172       27
 29:     0.097  0.051  0.733  0.120       56
 30:     0.123  0.005  0.795  0.077       58
 31:     0.059  0.008  0.816  0.117       41
 32:     0.009  0.009  0.944  0.037       26
 33:     0.011  0.100  0.715  0.174       51
 34:     0.124  0.001  0.807  0.068       31
 35:     0.060  0.007  0.857  0.076       52
 36:     0.043  0.005  0.881  0.071       43
 37:     0.041  0.047  0.894  0.018       23
 38:     0.069  0.005  0.853  0.072       42
 39:     0.006  0.051  0.747  0.196       41
 40:     0.043  0.022  0.853  0.082       33
 41:     0.047  0.017  0.868  0.068       26
 42:     0.038  0.005  0.815  0.141       35
 43:     0.012  0.001  0.941  0.046       22
 44:     0.157  0.054  0.657  0.132       52
 45:     0.079  0.038  0.767  0.116       41
 46:     0.555  0.003  0.382  0.061       46
 47:     0.724  0.001  0.218  0.057       38
 48:     0.742  0.002  0.191  0.065       58
 49:     0.581  0.006  0.337  0.076       55
 50:     0.807  0.018  0.125  0.050       61
 51:     0.653  0.016  0.269  0.062       35
 52:     0.862  0.000  0.103  0.035       23
 53:     0.858  0.016  0.058  0.068       52
 54:     0.855  0.000  0.066  0.079       22
 55:     0.921  0.001  0.035  0.043       35
 56:     0.871  0.000  0.121  0.007       14
 57:     0.916  0.001  0.047  0.036       42
 58:     0.863  0.001  0.045  0.091       39
 59:     0.875  0.025  0.082  0.019       56
 60:     0.917  0.015  0.027  0.042       49
 61:     0.992  0.000  0.004  0.003       27
 62:     0.977  0.017  0.005  0.001       41
 63:     0.994  0.000  0.001  0.005       33


  1:     0.030  0.000  0.968  0.001       21
  2:     0.034  0.000  0.959  0.007       36
  3:     0.085  0.030  0.845  0.041       66
  4:     0.073  0.066  0.805  0.056       52
  5:     0.046  0.113  0.828  0.014       71
  6:     0.025  0.000  0.972  0.002       46
  7:     0.007  0.014  0.975  0.004       58
  8:     0.026  0.032  0.912  0.030       58
  9:     0.054  0.002  0.917  0.026       33
 10:     0.003  0.021  0.950  0.027       27
 11:     0.102  0.048  0.848  0.003       25
 12:     0.019  0.041  0.928  0.011       31
 13:     0.015  0.000  0.982  0.003       52
 14:     0.029  0.001  0.965  0.004       57
 15:     0.035  0.013  0.948  0.004       42
 16:     0.060  0.001  0.913  0.027       42
 17:     0.018  0.010  0.966  0.007       25
 18:     0.221  0.001  0.760  0.018       38
 19:     0.205  0.137  0.499  0.160       35
 20:     0.230  0.088  0.625  0.058       57
 21:     0.249  0.124  0.624  0.003        8
 22:     0.281  0.096  0.486  0.138       54
 23:     0.144  0.018  0.780  0.058       75
 24:     0.170  0.103  0.679  0.049       50
 25:     0.151  0.005  0.773  0.071       42
 26:     0.281  0.041  0.579  0.099       42
 27:     0.600  0.102  0.049  0.249       27
 28:     0.568  0.093  0.088  0.250       27
 29:     0.785  0.041  0.054  0.121       56
 30:     0.751  0.043  0.011  0.195       58
 31:     0.840  0.020  0.036  0.104       41
 32:     0.929  0.027  0.016  0.028       26
 33:     0.778  0.004  0.183  0.035       51
 34:     0.776  0.061  0.010  0.154       31
 35:     0.883  0.021  0.016  0.080       52
 36:     0.897  0.013  0.007  0.083       43
 37:     0.903  0.048  0.029  0.020       23
 38:     0.880  0.046  0.014  0.060       42
 39:     0.932  0.001  0.053  0.014       41
 40:     0.869  0.022  0.030  0.079       33
 41:     0.838  0.046  0.032  0.084       26
 42:     0.865  0.020  0.049  0.067       35
 43:     0.883  0.006  0.013  0.097       22
 44:     0.646  0.161  0.077  0.116       52
 45:     0.693  0.028  0.067  0.211       41
 46:     0.135  0.099  0.010  0.755       46
 47:     0.055  0.025  0.002  0.918       38
 48:     0.054  0.045  0.002  0.899       58
 49:     0.047  0.046  0.005  0.902       55
 50:     0.023  0.054  0.018  0.904       61
 51:     0.105  0.150  0.016  0.729       35
 52:     0.031  0.179  0.000  0.790       23
 53:     0.067  0.688  0.042  0.203       52
 54:     0.046  0.248  0.011  0.695       22
 55:     0.004  0.319  0.006  0.671       35
 56:     0.007  0.308  0.000  0.685       14
 57:     0.039  0.642  0.006  0.313       42
 58:     0.070  0.584  0.020  0.326       39
 59:     0.059  0.879  0.016  0.046       56
 60:     0.021  0.901  0.020  0.059       49
 61:     0.002  0.936  0.000  0.062       27
 62:     0.006  0.953  0.001  0.040       41
 63:     0.000  0.962  0.000  0.038       33


  1:     0.000  0.001  0.968  0.030       21
  2:     0.000  0.007  0.959  0.034       36
  3:     0.030  0.041  0.845  0.085       66
  4:     0.066  0.056  0.805  0.073       52
  5:     0.113  0.014  0.828  0.046       71
  6:     0.000  0.002  0.972  0.025       46
  7:     0.014  0.004  0.975  0.007       58
  8:     0.032  0.030  0.912  0.026       58
  9:     0.002  0.026  0.917  0.054       33
 10:     0.021  0.027  0.950  0.003       27
 11:     0.047  0.003  0.848  0.102       25
 12:     0.041  0.011  0.928  0.019       31
 13:     0.000  0.003  0.982  0.015       52
 14:     0.001  0.004  0.965  0.029       57
 15:     0.014  0.004  0.948  0.035       42
 16:     0.001  0.027  0.912  0.060       42
 17:     0.010  0.007  0.965  0.018       25
 18:     0.001  0.018  0.761  0.220       38
 19:     0.136  0.160  0.498  0.205       35
 20:     0.087  0.058  0.624  0.230       57
 21:     0.124  0.003  0.625  0.248        8
 22:     0.096  0.138  0.486  0.281       54
 23:     0.018  0.058  0.780  0.145       75
 24:     0.103  0.049  0.678  0.170       50
 25:     0.005  0.071  0.774  0.151       42
 26:     0.041  0.099  0.578  0.282       42
 27:     0.102  0.249  0.049  0.601       27
 28:     0.094  0.250  0.088  0.568       27
 29:     0.041  0.120  0.053  0.786       56
 30:     0.043  0.195  0.011  0.751       58
 31:     0.021  0.104  0.036  0.840       41
 32:     0.028  0.028  0.016  0.929       26
 33:     0.004  0.035  0.183  0.777       51
 34:     0.061  0.153  0.010  0.776       31
 35:     0.021  0.080  0.016  0.883       52
 36:     0.013  0.083  0.007  0.897       43
 37:     0.048  0.019  0.029  0.903       23
 38:     0.046  0.060  0.014  0.880       42
 39:     0.001  0.014  0.053  0.932       41
 40:     0.022  0.079  0.030  0.869       33
 41:     0.046  0.083  0.033  0.838       26
 42:     0.020  0.067  0.049  0.865       35
 43:     0.006  0.098  0.013  0.883       22
 44:     0.161  0.116  0.077  0.646       52
 45:     0.028  0.212  0.067  0.693       41
 46:     0.100  0.755  0.010  0.135       46
 47:     0.025  0.918  0.002  0.055       38
 48:     0.046  0.899  0.002  0.054       58
 49:     0.046  0.903  0.005  0.047       55
 50:     0.054  0.904  0.018  0.023       61
 51:     0.151  0.729  0.016  0.104       35
 52:     0.180  0.789  0.000  0.031       23
 53:     0.688  0.203  0.042  0.067       52
 54:     0.248  0.695  0.011  0.046       22
 55:     0.318  0.672  0.006  0.004       35
 56:     0.307  0.685  0.000  0.007       14
 57:     0.643  0.313  0.006  0.039       42
 58:     0.584  0.325  0.020  0.070       39
 59:     0.879  0.046  0.016  0.059       56
 60:     0.901  0.059  0.020  0.020       49
 61:     0.936  0.062  0.000  0.002       27
 62:     0.953  0.039  0.001  0.006       41
 63:     0.962  0.038  0.000  0.000       33


  1:     0.000  0.048  0.000  0.952       21
  2:     0.000  0.028  0.000  0.972       36
  3:     0.015  0.121  0.045  0.818       66
  4:     0.058  0.077  0.058  0.808       52
  5:     0.127  0.014  0.014  0.845       71
  6:     0.000  0.022  0.000  0.978       46
  7:     0.034  0.000  0.000  0.966       58
  8:     0.052  0.034  0.017  0.897       58
  9:     0.000  0.061  0.030  0.909       33
 10:     0.037  0.000  0.037  0.926       27
 11:     0.040  0.080  0.000  0.880       25
 12:     0.065  0.000  0.000  0.935       31
 13:     0.000  0.000  0.000  1.000       52
 14:     0.000  0.000  0.000  1.000       57
 15:     0.000  0.024  0.000  0.976       42
 16:     0.000  0.024  0.024  0.952       42
 17:     0.040  0.000  0.000  0.960       25
 18:     0.000  0.211  0.000  0.789       38
 19:     0.114  0.143  0.114  0.629       35
 20:     0.123  0.193  0.053  0.632       57
 21:     0.125  0.125  0.000  0.750        8
 22:     0.074  0.204  0.204  0.519       54
 23:     0.000  0.053  0.067  0.880       75
 24:     0.100  0.120  0.040  0.740       50
 25:     0.000  0.095  0.095  0.810       42
 26:     0.048  0.262  0.143  0.548       42
 27:     0.037  0.630  0.296  0.037       27
 28:     0.074  0.667  0.185  0.074       27
 29:     0.000  0.875  0.089  0.036       56
 30:     0.034  0.810  0.155  0.000       58
 31:     0.024  0.854  0.073  0.049       41
 32:     0.000  0.962  0.038  0.000       26
 33:     0.000  0.824  0.020  0.157       51
 34:     0.032  0.806  0.129  0.032       31
 35:     0.000  0.904  0.077  0.019       52
 36:     0.000  0.930  0.070  0.000       43
 37:     0.043  0.913  0.000  0.043       23
 38:     0.048  0.929  0.024  0.000       42
 39:     0.000  0.976  0.000  0.024       41
 40:     0.030  0.879  0.030  0.061       33
 41:     0.038  0.923  0.000  0.038       26
 42:     0.029  0.914  0.029  0.029       35
 43:     0.000  0.955  0.045  0.000       22
 44:     0.192  0.654  0.077  0.077       52
 45:     0.024  0.756  0.146  0.073       41
 46:     0.109  0.152  0.739  0.000       46
 47:     0.026  0.053  0.921  0.000       38
 48:     0.000  0.034  0.966  0.000       58
 49:     0.018  0.036  0.945  0.000       55
 50:     0.033  0.016  0.918  0.033       61
 51:     0.143  0.086  0.771  0.000       35
 52:     0.217  0.000  0.783  0.000       23
 53:     0.673  0.038  0.250  0.038       52
 54:     0.227  0.000  0.773  0.000       22
 55:     0.314  0.000  0.686  0.000       35
 56:     0.214  0.000  0.786  0.000       14
 57:     0.595  0.048  0.357  0.000       42
 58:     0.564  0.077  0.359  0.000       39
 59:     0.929  0.018  0.036  0.018       56
 60:     0.918  0.020  0.061  0.000       49
 61:     0.926  0.000  0.074  0.000       27
 62:     0.976  0.000  0.024  0.000       41
 63:     0.970  0.000  0.030  0.000       33


  1:     0.000  0.000  1.000  0.000       21
  2:     0.000  0.028  0.972  0.000       36
  3:     0.061  0.045  0.864  0.030       66
  4:     0.058  0.077  0.808  0.058       52
  5:     0.014  0.014  0.845  0.127       71
  6:     0.022  0.000  0.978  0.000       46
  7:     0.000  0.000  0.966  0.034       58
  8:     0.017  0.034  0.914  0.034       58
  9:     0.030  0.091  0.879  0.000       33
 10:     0.000  0.037  0.926  0.037       27
 11:     0.120  0.000  0.840  0.040       25
 12:     0.000  0.000  0.935  0.065       31
 13:     0.000  0.000  1.000  0.000       52
 14:     0.000  0.000  1.000  0.000       57
 15:     0.024  0.000  0.976  0.000       42
 16:     0.048  0.024  0.929  0.000       42
 17:     0.000  0.000  0.960  0.040       25
 18:     0.184  0.026  0.789  0.000       38
 19:     0.086  0.257  0.486  0.171       35
 20:     0.140  0.158  0.632  0.070       57
 21:     0.125  0.000  0.750  0.125        8
 22:     0.148  0.241  0.519  0.093       54
 23:     0.080  0.093  0.827  0.000       75
 24:     0.100  0.040  0.740  0.120       50
 25:     0.071  0.095  0.833  0.000       42
 26:     0.214  0.310  0.429  0.048       42
 27:     0.704  0.148  0.037  0.111       27
 28:     0.444  0.370  0.074  0.111       27
 29:     0.821  0.071  0.018  0.089       56
 30:     0.828  0.155  0.000  0.017       58
 31:     0.829  0.122  0.024  0.024       41
 32:     0.962  0.038  0.000  0.000       26
 33:     0.765  0.059  0.176  0.000       51
 34:     0.742  0.194  0.000  0.065       31
 35:     0.865  0.077  0.019  0.038       52
 36:     0.884  0.093  0.000  0.023       43
 37:     0.913  0.000  0.043  0.043       23
 38:     0.905  0.048  0.000  0.048       42
 39:     0.927  0.024  0.049  0.000       41
 40:     0.848  0.061  0.030  0.061       33
 41:     0.885  0.038  0.038  0.038       26
 42:     0.857  0.057  0.029  0.057       35
 43:     0.864  0.136  0.000  0.000       22
 44:     0.615  0.154  0.077  0.154       52
 45:     0.561  0.390  0.024  0.024       41
 46:     0.130  0.761  0.000  0.109       46
 47:     0.000  1.000  0.000  0.000       38
 48:     0.052  0.879  0.000  0.069       58
 49:     0.018  0.927  0.000  0.055       55
 50:     0.000  0.869  0.016  0.115       61
 51:     0.086  0.743  0.000  0.171       35
 52:     0.043  0.783  0.000  0.174       23
 53:     0.058  0.096  0.058  0.788       52
 54:     0.000  0.727  0.000  0.273       22
 55:     0.000  0.543  0.000  0.457       35
 56:     0.000  0.714  0.000  0.286       14
 57:     0.048  0.262  0.000  0.690       42
 58:     0.026  0.231  0.026  0.718       39
 59:     0.036  0.018  0.018  0.929       56
 60:     0.000  0.082  0.020  0.898       49
 61:     0.000  0.074  0.000  0.926       27
 62:     0.000  0.000  0.000  1.000       41
 63:     0.000  0.030  0.000  0.970       33


  1:     0.048  0.000  0.000  0.952       21
  2:     0.028  0.000  0.000  0.972       36
  3:     0.076  0.045  0.015  0.864       66
  4:     0.077  0.038  0.077  0.808       52
  5:     0.014  0.014  0.127  0.845       71
  6:     0.022  0.000  0.000  0.978       46
  7:     0.000  0.000  0.034  0.966       58
  8:     0.017  0.017  0.052  0.914       58
  9:     0.030  0.000  0.000  0.970       33
 10:     0.000  0.037  0.000  0.963       27
 11:     0.120  0.000  0.040  0.840       25
 12:     0.000  0.000  0.065  0.935       31
 13:     0.000  0.000  0.000  1.000       52
 14:     0.000  0.000  0.000  1.000       57
 15:     0.024  0.000  0.024  0.952       42
 16:     0.024  0.024  0.000  0.952       42
 17:     0.000  0.000  0.040  0.960       25
 18:     0.211  0.000  0.000  0.789       38
 19:     0.086  0.143  0.171  0.600       35
 20:     0.211  0.018  0.105  0.667       57
 21:     0.125  0.000  0.125  0.750        8
 22:     0.204  0.185  0.093  0.519       54
 23:     0.053  0.067  0.013  0.867       75
 24:     0.120  0.000  0.120  0.760       50
 25:     0.119  0.048  0.000  0.833       42
 26:     0.214  0.000  0.071  0.714       42
 27:     0.630  0.148  0.185  0.037       27
 28:     0.667  0.185  0.074  0.074       27
 29:     0.839  0.089  0.036  0.036       56
 30:     0.810  0.155  0.034  0.000       58
 31:     0.878  0.049  0.024  0.049       41
 32:     0.923  0.038  0.038  0.000       26
 33:     0.784  0.020  0.000  0.196       51
 34:     0.806  0.161  0.032  0.000       31
 35:     0.923  0.058  0.000  0.019       52
 36:     0.907  0.070  0.023  0.000       43
 37:     0.913  0.000  0.087  0.000       23
 38:     0.929  0.024  0.048  0.000       42
 39:     0.951  0.024  0.000  0.024       41
 40:     0.879  0.030  0.030  0.061       33
 41:     0.923  0.000  0.038  0.038       26
 42:     0.914  0.029  0.029  0.029       35
 43:     0.955  0.045  0.000  0.000       22
 44:     0.596  0.077  0.231  0.096       52
 45:     0.756  0.146  0.024  0.073       41
 46:     0.152  0.739  0.109  0.000       46
 47:     0.026  0.947  0.026  0.000       38
 48:     0.034  0.966  0.000  0.000       58
 49:     0.018  0.945  0.036  0.000       55
 50:     0.016  0.918  0.033  0.033       61
 51:     0.086  0.743  0.171  0.000       35
 52:     0.000  0.870  0.130  0.000       23
 53:     0.077  0.250  0.635  0.038       52
 54:     0.045  0.727  0.227  0.000       22
 55:     0.000  0.657  0.343  0.000       35
 56:     0.000  0.714  0.286  0.000       14
 57:     0.048  0.333  0.619  0.000       42
 58:     0.077  0.256  0.667  0.000       39
 59:     0.018  0.036  0.929  0.018       56
 60:     0.020  0.061  0.918  0.000       49
 61:     0.000  0.074  0.926  0.000       27
 62:     0.000  0.024  0.976  0.000       41
 63:     0.000  0.030  0.970  0.000       33


  1:     0.000  0.952  0.000  0.048       21
  2:     0.000  0.972  0.000  0.028       36
  3:     0.045  0.864  0.015  0.076       66
  4:     0.038  0.808  0.077  0.077       52
  5:     0.014  0.845  0.127  0.014       71
  6:     0.000  0.978  0.000  0.022       46
  7:     0.000  0.966  0.034  0.000       58
  8:     0.017  0.914  0.052  0.017       58
  9:     0.000  0.970  0.000  0.030       33
 10:     0.037  0.963  0.000  0.000       27
 11:     0.000  0.840  0.040  0.120       25
 12:     0.000  0.935  0.065  0.000       31
 13:     0.000  1.000  0.000  0.000       52
 14:     0.000  1.000  0.000  0.000       57
 15:     0.000  0.976  0.000  0.024       42
 16:     0.024  0.952  0.000  0.024       42
 17:     0.000  0.960  0.040  0.000       25
 18:     0.000  0.789  0.000  0.211       38
 19:     0.143  0.571  0.200  0.086       35
 20:     0.053  0.667  0.105  0.175       57
 21:     0.000  0.750  0.125  0.125        8
 22:     0.167  0.519  0.093  0.222       54
 23:     0.080  0.880  0.000  0.040       75
 24:     0.000  0.760  0.120  0.120       50
 25:     0.071  0.833  0.000  0.095       42
 26:     0.000  0.738  0.071  0.190       42
 27:     0.296  0.037  0.111  0.556       27
 28:     0.185  0.074  0.074  0.667       27
 29:     0.125  0.036  0.054  0.786       56
 30:     0.190  0.000  0.034  0.776       58
 31:     0.049  0.049  0.024  0.878       41
 32:     0.038  0.000  0.038  0.923       26
 33:     0.020  0.196  0.000  0.784       51
 34:     0.129  0.000  0.032  0.839       31
 35:     0.058  0.019  0.019  0.904       52
 36:     0.070  0.000  0.000  0.930       43
 37:     0.000  0.000  0.087  0.913       23
 38:     0.024  0.000  0.048  0.929       42
 39:     0.024  0.024  0.000  0.951       41
 40:     0.030  0.030  0.030  0.909       33
 41:     0.000  0.038  0.038  0.923       26
 42:     0.057  0.029  0.000  0.914       35
 43:     0.045  0.000  0.000  0.955       22
 44:     0.058  0.077  0.212  0.654       52
 45:     0.220  0.073  0.024  0.683       41
 46:     0.783  0.000  0.130  0.087       46
 47:     0.974  0.000  0.026  0.000       38
 48:     0.966  0.000  0.000  0.034       58
 49:     0.945  0.000  0.036  0.018       55
 50:     0.918  0.016  0.049  0.016       61
 51:     0.800  0.000  0.114  0.086       35
 52:     0.783  0.000  0.217  0.000       23
 53:     0.231  0.038  0.654  0.077       52
 54:     0.773  0.000  0.182  0.045       22
 55:     0.657  0.000  0.343  0.000       35
 56:     0.714  0.000  0.286  0.000       14
 57:     0.238  0.000  0.714  0.048       42
 58:     0.282  0.000  0.667  0.051       39
 59:     0.036  0.018  0.929  0.018       56
 60:     0.041  0.000  0.939  0.020       49
 61:     0.074  0.000  0.926  0.000       27
 62:     0.024  0.000  0.976  0.000       41
 63:     0.030  0.000  0.970  0.000       33


  1:     0.000  0.000  1.000  0.000       21
  2:     0.000  0.028  0.972  0.000       36
  3:     0.076  0.045  0.864  0.015       66
  4:     0.058  0.077  0.808  0.058       52
  5:     0.028  0.014  0.845  0.113       71
  6:     0.022  0.000  0.978  0.000       46
  7:     0.000  0.000  0.966  0.034       58
  8:     0.000  0.034  0.931  0.034       58
  9:     0.030  0.030  0.939  0.000       33
 10:     0.000  0.037  0.926  0.037       27
 11:     0.080  0.000  0.880  0.040       25
 12:     0.000  0.000  0.935  0.065       31
 13:     0.000  0.000  1.000  0.000       52
 14:     0.000  0.000  1.000  0.000       57
 15:     0.024  0.000  0.976  0.000       42
 16:     0.048  0.024  0.929  0.000       42
 17:     0.000  0.000  1.000  0.000       25
 18:     0.158  0.053  0.789  0.000       38
 19:     0.086  0.171  0.543  0.200       35
 20:     0.175  0.053  0.684  0.088       57
 21:     0.125  0.000  0.750  0.125        8
 22:     0.167  0.185  0.556  0.093       54
 23:     0.067  0.080  0.853  0.000       75
 24:     0.100  0.040  0.740  0.120       50
 25:     0.071  0.071  0.857  0.000       42
 26:     0.214  0.071  0.667  0.048       42
 27:     0.667  0.185  0.037  0.111       27
 28:     0.407  0.407  0.111  0.074       27
 29:     0.821  0.071  0.036  0.071       56
 30:     0.776  0.172  0.000  0.052       58
 31:     0.829  0.098  0.049  0.024       41
 32:     0.962  0.000  0.000  0.038       26
 33:     0.784  0.039  0.176  0.000       51
 34:     0.742  0.194  0.000  0.065       31
 35:     0.865  0.096  0.019  0.019       52
 36:     0.884  0.093  0.000  0.023       43
 37:     0.913  0.000  0.043  0.043       23
 38:     0.905  0.048  0.000  0.048       42
 39:     0.951  0.024  0.024  0.000       41
 40:     0.879  0.030  0.061  0.030       33
 41:     0.846  0.077  0.038  0.038       26
 42:     0.886  0.057  0.029  0.029       35
 43:     0.864  0.091  0.045  0.000       22
 44:     0.635  0.154  0.096  0.115       52
 45:     0.610  0.341  0.024  0.024       41
 46:     0.152  0.717  0.000  0.130       46
 47:     0.000  0.974  0.000  0.026       38
 48:     0.034  0.931  0.000  0.034       58
 49:     0.036  0.909  0.000  0.055       55
 50:     0.000  0.918  0.033  0.049       61
 51:     0.086  0.743  0.000  0.171       35
 52:     0.000  0.826  0.000  0.174       23
 53:     0.038  0.154  0.038  0.769       52
 54:     0.000  0.682  0.000  0.318       22
 55:     0.000  0.600  0.000  0.400       35
 56:     0.000  0.643  0.000  0.357       14
 57:     0.048  0.310  0.000  0.643       42
 58:     0.026  0.308  0.026  0.641       39
 59:     0.018  0.036  0.018  0.929       56
 60:     0.000  0.020  0.020  0.959       49
 61:     0.000  0.074  0.000  0.926       27
 62:     0.000  0.000  0.000  1.000       41
 63:     0.000  0.030  0.000  0.970       33


  1:     0.048  0.000  0.000  0.952       21
  2:     0.000  0.000  0.000  1.000       36
  3:     0.076  0.045  0.015  0.864       66
  4:     0.077  0.058  0.058  0.808       52
  5:     0.028  0.014  0.113  0.845       71
  6:     0.022  0.000  0.000  0.978       46
  7:     0.000  0.000  0.034  0.966       58
  8:     0.000  0.034  0.052  0.914       58
  9:     0.030  0.030  0.000  0.939       33
 10:     0.000  0.037  0.037  0.926       27
 11:     0.120  0.000  0.040  0.840       25
 12:     0.000  0.000  0.065  0.935       31
 13:     0.000  0.000  0.000  1.000       52
 14:     0.000  0.000  0.000  1.000       57
 15:     0.024  0.000  0.024  0.952       42
 16:     0.048  0.024  0.000  0.929       42
 17:     0.000  0.000  0.000  1.000       25
 18:     0.184  0.000  0.000  0.816       38
 19:     0.086  0.143  0.171  0.600       35
 20:     0.175  0.053  0.088  0.684       57
 21:     0.125  0.000  0.125  0.750        8
 22:     0.167  0.167  0.093  0.574       54
 23:     0.040  0.080  0.000  0.880       75
 24:     0.100  0.040  0.080  0.780       50
 25:     0.071  0.048  0.000  0.881       42
 26:     0.214  0.071  0.071  0.643       42
 27:     0.704  0.148  0.111  0.037       27
 28:     0.370  0.370  0.148  0.111       27
 29:     0.875  0.054  0.036  0.036       56
 30:     0.810  0.155  0.034  0.000       58
 31:     0.829  0.098  0.024  0.049       41
 32:     1.000  0.000  0.000  0.000       26
 33:     0.804  0.020  0.000  0.176       51
 34:     0.774  0.194  0.032  0.000       31
 35:     0.885  0.077  0.019  0.019       52
 36:     0.884  0.093  0.023  0.000       43
 37:     0.913  0.043  0.043  0.000       23
 38:     0.905  0.048  0.048  0.000       42
 39:     0.927  0.024  0.000  0.049       41
 40:     0.848  0.061  0.030  0.061       33
 41:     0.846  0.077  0.038  0.038       26
 42:     0.886  0.086  0.000  0.029       35
 43:     0.818  0.136  0.000  0.045       22
 44:     0.654  0.154  0.096  0.096       52
 45:     0.610  0.293  0.024  0.073       41
 46:     0.152  0.717  0.130  0.000       46
 47:     0.000  1.000  0.000  0.000       38
 48:     0.034  0.966  0.000  0.000       58
 49:     0.018  0.945  0.036  0.000       55
 50:     0.000  0.902  0.066  0.033       61
 51:     0.086  0.800  0.114  0.000       35
 52:     0.000  0.870  0.130  0.000       23
 53:     0.038  0.135  0.788  0.038       52
 54:     0.000  0.727  0.273  0.000       22
 55:     0.000  0.571  0.429  0.000       35
 56:     0.000  0.714  0.286  0.000       14
 57:     0.048  0.333  0.619  0.000       42
 58:     0.051  0.385  0.564  0.000       39
 59:     0.018  0.018  0.946  0.018       56
 60:     0.000  0.041  0.939  0.020       49
 61:     0.000  0.037  0.963  0.000       27
 62:     0.000  0.024  0.976  0.000       41
 63:     0.000  0.030  0.970  0.000       33


