  1:     0.005  0.926  0.000  0.000  0.029  0.040       21
  2:     0.010  0.692  0.000  0.001  0.250  0.047       36
  3:     0.040  0.742  0.023  0.032  0.108  0.054       66
  4:     0.029  0.690  0.053  0.030  0.139  0.059       52
  5:     0.023  0.678  0.093  0.003  0.152  0.052       71
  6:     0.003  0.879  0.000  0.001  0.089  0.028       46
  7:     0.002  0.827  0.011  0.001  0.152  0.007       58
  8:     0.008  0.813  0.027  0.012  0.103  0.038       58
  9:     0.011  0.785  0.001  0.007  0.135  0.061       33
 10:     0.002  0.897  0.011  0.034  0.054  0.002       27
 11:     0.080  0.803  0.043  0.001  0.053  0.020       25
 12:     0.004  0.864  0.034  0.005  0.066  0.028       31
 13:     0.005  0.873  0.000  0.001  0.112  0.009       52
 14:     0.017  0.891  0.000  0.001  0.084  0.007       57
 15:     0.011  0.773  0.006  0.001  0.194  0.015       42
 16:     0.043  0.806  0.002  0.011  0.110  0.028       42
 17:     0.005  0.816  0.004  0.002  0.159  0.014       25
 18:     0.053  0.185  0.000  0.001  0.712  0.048       38
 19:     0.073  0.118  0.087  0.038  0.543  0.141       35
 20:     0.058  0.083  0.066  0.015  0.705  0.074       57
 21:     0.065  0.187  0.103  0.008  0.560  0.076        8
 22:     0.050  0.048  0.080  0.038  0.714  0.071       54
 23:     0.023  0.049  0.004  0.007  0.909  0.008       75
 24:     0.050  0.046  0.043  0.009  0.824  0.028       50
 25:     0.012  0.072  0.001  0.011  0.870  0.034       42
 26:     0.064  0.021  0.013  0.016  0.867  0.020       42
 27:     0.173  0.012  0.053  0.098  0.113  0.552       27
 28:     0.287  0.017  0.055  0.128  0.093  0.419       27
 29:     0.310  0.033  0.018  0.045  0.066  0.529       56
 30:     0.388  0.002  0.013  0.118  0.045  0.433       58
 31:     0.597  0.006  0.012  0.051  0.069  0.265       41
 32:     0.901  0.003  0.008  0.016  0.027  0.043       26
 33:     0.393  0.079  0.002  0.015  0.134  0.378       51
 34:     0.604  0.001  0.047  0.072  0.040  0.236       31
 35:     0.644  0.005  0.010  0.032  0.035  0.274       52
 36:     0.735  0.003  0.005  0.034  0.024  0.200       43
 37:     0.672  0.029  0.037  0.012  0.005  0.244       23
 38:     0.686  0.004  0.028  0.038  0.029  0.216       42
 39:     0.874  0.026  0.000  0.002  0.065  0.033       41
 40:     0.202  0.007  0.006  0.017  0.042  0.725       33
 41:     0.380  0.013  0.021  0.021  0.049  0.515       26
 42:     0.243  0.003  0.007  0.017  0.116  0.615       35
 43:     0.367  0.001  0.003  0.062  0.032  0.535       22
 44:     0.132  0.040  0.074  0.029  0.072  0.653       52
 45:     0.261  0.028  0.011  0.072  0.059  0.569       41
 46:     0.077  0.001  0.051  0.511  0.028  0.332       46
 47:     0.047  0.000  0.014  0.842  0.007  0.091       38
 48:     0.055  0.001  0.034  0.840  0.016  0.055       58
 49:     0.038  0.003  0.036  0.830  0.011  0.082       55
 50:     0.017  0.016  0.032  0.875  0.018  0.041       61
 51:     0.088  0.010  0.112  0.673  0.026  0.092       35
 52:     0.013  0.000  0.155  0.812  0.005  0.016       23
 53:     0.048  0.014  0.626  0.203  0.056  0.053       52
 54:     0.037  0.000  0.198  0.681  0.072  0.012       22
 55:     0.001  0.000  0.241  0.716  0.038  0.003       35
 56:     0.002  0.000  0.257  0.716  0.001  0.024       14
 57:     0.031  0.000  0.584  0.300  0.029  0.055       42
 58:     0.036  0.001  0.486  0.344  0.068  0.065       39
 59:     0.024  0.008  0.812  0.030  0.006  0.119       56
 60:     0.006  0.007  0.877  0.056  0.023  0.031       49
 61:     0.002  0.000  0.931  0.064  0.001  0.002       27
 62:     0.005  0.002  0.947  0.041  0.001  0.004       41
 63:     0.001  0.000  0.961  0.034  0.001  0.004       33


  1:     0.040  0.005  0.926  0.028  0.000  0.000       21
  2:     0.048  0.010  0.692  0.249  0.000  0.001       36
  3:     0.054  0.040  0.742  0.108  0.023  0.032       66
  4:     0.059  0.030  0.690  0.139  0.053  0.030       52
  5:     0.052  0.023  0.678  0.152  0.093  0.003       71
  6:     0.029  0.003  0.879  0.088  0.000  0.001       46
  7:     0.007  0.002  0.827  0.152  0.011  0.001       58
  8:     0.038  0.008  0.813  0.103  0.027  0.012       58
  9:     0.062  0.011  0.785  0.135  0.001  0.007       33
 10:     0.002  0.002  0.897  0.054  0.011  0.034       27
 11:     0.020  0.080  0.803  0.053  0.043  0.001       25
 12:     0.027  0.004  0.864  0.066  0.034  0.005       31
 13:     0.009  0.005  0.873  0.112  0.000  0.001       52
 14:     0.008  0.016  0.891  0.084  0.000  0.001       57
 15:     0.015  0.012  0.773  0.194  0.006  0.001       42
 16:     0.029  0.043  0.806  0.110  0.002  0.011       42
 17:     0.014  0.005  0.816  0.159  0.004  0.002       25
 18:     0.048  0.053  0.185  0.712  0.000  0.001       38
 19:     0.142  0.073  0.118  0.543  0.088  0.038       35
 20:     0.074  0.058  0.083  0.705  0.066  0.014       57
 21:     0.073  0.067  0.187  0.561  0.103  0.009        8
 22:     0.071  0.050  0.047  0.714  0.080  0.037       54
 23:     0.008  0.023  0.049  0.909  0.004  0.007       75
 24:     0.027  0.050  0.046  0.824  0.043  0.009       50
 25:     0.034  0.012  0.072  0.869  0.001  0.011       42
 26:     0.020  0.063  0.021  0.868  0.013  0.016       42
 27:     0.553  0.174  0.012  0.113  0.053  0.096       27
 28:     0.417  0.289  0.017  0.093  0.055  0.127       27
 29:     0.524  0.314  0.033  0.066  0.018  0.045       56
 30:     0.431  0.390  0.002  0.045  0.014  0.119       58
 31:     0.263  0.599  0.006  0.069  0.012  0.051       41
 32:     0.043  0.901  0.003  0.027  0.008  0.016       26
 33:     0.375  0.395  0.080  0.134  0.002  0.015       51
 34:     0.237  0.603  0.001  0.040  0.047  0.072       31
 35:     0.272  0.646  0.005  0.035  0.010  0.032       52
 36:     0.198  0.737  0.003  0.024  0.005  0.033       43
 37:     0.242  0.674  0.029  0.005  0.037  0.013       23
 38:     0.213  0.688  0.004  0.028  0.028  0.038       42
 39:     0.033  0.874  0.026  0.065  0.000  0.002       41
 40:     0.723  0.205  0.008  0.042  0.006  0.017       33
 41:     0.512  0.384  0.013  0.049  0.020  0.021       26
 42:     0.611  0.247  0.003  0.115  0.007  0.017       35
 43:     0.526  0.376  0.001  0.032  0.003  0.063       22
 44:     0.653  0.132  0.040  0.072  0.074  0.028       52
 45:     0.569  0.261  0.028  0.059  0.011  0.073       41
 46:     0.339  0.076  0.002  0.028  0.050  0.506       46
 47:     0.092  0.046  0.000  0.007  0.014  0.842       38
 48:     0.056  0.054  0.001  0.016  0.034  0.840       58
 49:     0.082  0.038  0.003  0.011  0.036  0.829       55
 50:     0.042  0.017  0.016  0.018  0.032  0.875       61
 51:     0.092  0.088  0.010  0.027  0.112  0.672       35
 52:     0.015  0.013  0.000  0.005  0.154  0.813       23
 53:     0.054  0.048  0.013  0.056  0.627  0.202       52
 54:     0.012  0.036  0.000  0.072  0.198  0.681       22
 55:     0.003  0.001  0.000  0.038  0.240  0.716       35
 56:     0.023  0.002  0.000  0.001  0.256  0.718       14
 57:     0.055  0.032  0.000  0.029  0.585  0.299       42
 58:     0.064  0.037  0.001  0.069  0.485  0.344       39
 59:     0.119  0.024  0.008  0.006  0.812  0.030       56
 60:     0.032  0.006  0.007  0.023  0.877  0.056       49
 61:     0.002  0.002  0.000  0.001  0.931  0.064       27
 62:     0.004  0.005  0.002  0.001  0.947  0.041       41
 63:     0.004  0.001  0.000  0.001  0.961  0.034       33


  1:     0.005  0.040  0.925  0.000  0.000  0.029       21
  2:     0.010  0.047  0.692  0.001  0.000  0.250       36
  3:     0.041  0.054  0.742  0.032  0.023  0.108       66
  4:     0.029  0.059  0.689  0.030  0.053  0.139       52
  5:     0.023  0.052  0.677  0.003  0.093  0.152       71
  6:     0.003  0.028  0.879  0.001  0.000  0.089       46
  7:     0.002  0.007  0.827  0.001  0.011  0.152       58
  8:     0.008  0.038  0.813  0.012  0.027  0.103       58
  9:     0.011  0.062  0.785  0.007  0.001  0.135       33
 10:     0.002  0.002  0.897  0.034  0.011  0.054       27
 11:     0.079  0.021  0.803  0.001  0.044  0.053       25
 12:     0.004  0.028  0.864  0.005  0.034  0.065       31
 13:     0.005  0.009  0.873  0.001  0.000  0.112       52
 14:     0.016  0.008  0.891  0.001  0.000  0.084       57
 15:     0.012  0.015  0.773  0.001  0.006  0.194       42
 16:     0.043  0.029  0.806  0.011  0.002  0.110       42
 17:     0.005  0.014  0.816  0.002  0.004  0.160       25
 18:     0.053  0.048  0.185  0.001  0.000  0.712       38
 19:     0.073  0.141  0.118  0.038  0.088  0.542       35
 20:     0.058  0.074  0.083  0.014  0.066  0.705       57
 21:     0.066  0.074  0.188  0.008  0.103  0.560        8
 22:     0.050  0.070  0.048  0.038  0.080  0.714       54
 23:     0.023  0.008  0.049  0.007  0.004  0.909       75
 24:     0.050  0.028  0.046  0.009  0.043  0.824       50
 25:     0.012  0.034  0.072  0.011  0.001  0.869       42
 26:     0.063  0.019  0.021  0.016  0.013  0.868       42
 27:     0.171  0.556  0.012  0.096  0.052  0.113       27
 28:     0.285  0.421  0.017  0.128  0.055  0.093       27
 29:     0.309  0.529  0.033  0.045  0.018  0.066       56
 30:     0.389  0.432  0.002  0.118  0.013  0.045       58
 31:     0.598  0.263  0.006  0.051  0.012  0.069       41
 32:     0.901  0.044  0.003  0.016  0.008  0.027       26
 33:     0.396  0.374  0.079  0.015  0.002  0.134       51
 34:     0.604  0.236  0.001  0.071  0.047  0.040       31
 35:     0.646  0.273  0.005  0.031  0.010  0.035       52
 36:     0.736  0.198  0.003  0.033  0.005  0.024       43
 37:     0.675  0.241  0.029  0.012  0.037  0.005       23
 38:     0.689  0.213  0.004  0.038  0.029  0.028       42
 39:     0.873  0.033  0.026  0.002  0.000  0.066       41
 40:     0.204  0.724  0.007  0.016  0.006  0.042       33
 41:     0.386  0.510  0.014  0.021  0.021  0.049       26
 42:     0.248  0.609  0.003  0.016  0.007  0.116       35
 43:     0.378  0.524  0.001  0.063  0.003  0.032       22
 44:     0.134  0.651  0.040  0.028  0.074  0.073       52
 45:     0.264  0.566  0.028  0.073  0.011  0.058       41
 46:     0.076  0.334  0.001  0.510  0.050  0.028       46
 47:     0.046  0.091  0.000  0.842  0.014  0.007       38
 48:     0.054  0.056  0.001  0.839  0.034  0.016       58
 49:     0.038  0.082  0.003  0.829  0.036  0.011       55
 50:     0.017  0.042  0.016  0.875  0.032  0.018       61
 51:     0.088  0.092  0.010  0.672  0.112  0.027       35
 52:     0.013  0.016  0.000  0.812  0.155  0.005       23
 53:     0.048  0.054  0.013  0.203  0.626  0.056       52
 54:     0.037  0.012  0.000  0.680  0.198  0.072       22
 55:     0.001  0.003  0.000  0.716  0.241  0.038       35
 56:     0.002  0.023  0.000  0.717  0.257  0.001       14
 57:     0.031  0.055  0.000  0.300  0.583  0.029       42
 58:     0.037  0.065  0.001  0.345  0.484  0.069       39
 59:     0.024  0.120  0.008  0.030  0.811  0.006       56
 60:     0.006  0.032  0.007  0.056  0.877  0.023       49
 61:     0.002  0.002  0.000  0.064  0.931  0.001       27
 62:     0.005  0.004  0.002  0.041  0.947  0.001       41
 63:     0.001  0.004  0.000  0.034  0.961  0.001       33


  1:     0.040  0.005  0.029  0.000  0.000  0.926       21
  2:     0.047  0.010  0.250  0.000  0.001  0.692       36
  3:     0.054  0.040  0.108  0.023  0.032  0.742       66
  4:     0.058  0.030  0.139  0.053  0.030  0.690       52
  5:     0.052  0.023  0.152  0.093  0.003  0.678       71
  6:     0.028  0.003  0.089  0.000  0.001  0.879       46
  7:     0.007  0.002  0.152  0.011  0.001  0.827       58
  8:     0.038  0.008  0.103  0.027  0.012  0.813       58
  9:     0.061  0.011  0.135  0.001  0.007  0.785       33
 10:     0.002  0.002  0.054  0.011  0.034  0.897       27
 11:     0.020  0.080  0.053  0.044  0.001  0.803       25
 12:     0.027  0.004  0.066  0.034  0.005  0.864       31
 13:     0.009  0.005  0.112  0.000  0.001  0.873       52
 14:     0.007  0.017  0.084  0.000  0.001  0.891       57
 15:     0.015  0.012  0.193  0.006  0.001  0.774       42
 16:     0.028  0.043  0.111  0.002  0.011  0.806       42
 17:     0.014  0.005  0.159  0.004  0.002  0.816       25
 18:     0.048  0.053  0.712  0.000  0.001  0.185       38
 19:     0.141  0.073  0.543  0.088  0.038  0.118       35
 20:     0.074  0.058  0.705  0.066  0.014  0.083       57
 21:     0.076  0.065  0.560  0.104  0.008  0.187        8
 22:     0.071  0.050  0.714  0.080  0.038  0.048       54
 23:     0.008  0.023  0.909  0.004  0.007  0.049       75
 24:     0.028  0.050  0.823  0.043  0.009  0.047       50
 25:     0.034  0.012  0.870  0.001  0.011  0.072       42
 26:     0.020  0.063  0.868  0.013  0.016  0.021       42
 27:     0.550  0.175  0.113  0.053  0.098  0.012       27
 28:     0.418  0.288  0.094  0.055  0.128  0.017       27
 29:     0.526  0.312  0.066  0.018  0.045  0.033       56
 30:     0.432  0.389  0.045  0.013  0.118  0.002       58
 31:     0.263  0.599  0.068  0.012  0.052  0.006       41
 32:     0.043  0.901  0.028  0.008  0.016  0.003       26
 33:     0.376  0.394  0.134  0.002  0.015  0.080       51
 34:     0.237  0.604  0.040  0.047  0.072  0.001       31
 35:     0.274  0.644  0.035  0.010  0.031  0.005       52
 36:     0.199  0.736  0.024  0.005  0.033  0.003       43
 37:     0.244  0.672  0.005  0.037  0.012  0.029       23
 38:     0.217  0.685  0.029  0.028  0.038  0.004       42
 39:     0.033  0.873  0.065  0.000  0.002  0.026       41
 40:     0.727  0.201  0.042  0.006  0.017  0.008       33
 41:     0.516  0.379  0.049  0.021  0.021  0.013       26
 42:     0.615  0.243  0.116  0.007  0.017  0.003       35
 43:     0.537  0.366  0.032  0.003  0.062  0.001       22
 44:     0.655  0.131  0.072  0.073  0.028  0.040       52
 45:     0.572  0.258  0.059  0.011  0.072  0.028       41
 46:     0.330  0.077  0.028  0.051  0.513  0.001       46
 47:     0.091  0.047  0.007  0.014  0.842  0.000       38
 48:     0.055  0.055  0.016  0.034  0.840  0.001       58
 49:     0.081  0.038  0.011  0.036  0.830  0.003       55
 50:     0.041  0.017  0.018  0.032  0.875  0.016       61
 51:     0.091  0.088  0.027  0.112  0.672  0.010       35
 52:     0.015  0.013  0.005  0.155  0.812  0.000       23
 53:     0.053  0.048  0.056  0.627  0.202  0.013       52
 54:     0.012  0.037  0.072  0.198  0.681  0.000       22
 55:     0.003  0.001  0.038  0.241  0.716  0.000       35
 56:     0.024  0.002  0.001  0.256  0.717  0.000       14
 57:     0.054  0.032  0.029  0.584  0.301  0.000       42
 58:     0.064  0.037  0.069  0.485  0.345  0.001       39
 59:     0.119  0.024  0.006  0.812  0.031  0.008       56
 60:     0.031  0.006  0.023  0.877  0.056  0.007       49
 61:     0.002  0.002  0.001  0.931  0.064  0.000       27
 62:     0.004  0.005  0.001  0.947  0.041  0.002       41
 63:     0.004  0.001  0.001  0.961  0.034  0.000       33


  1:     0.926  0.040  0.000  0.005  0.029  0.000       21
  2:     0.691  0.047  0.001  0.010  0.251  0.000       36
  3:     0.742  0.054  0.032  0.041  0.108  0.023       66
  4:     0.690  0.059  0.030  0.029  0.139  0.053       52
  5:     0.678  0.051  0.003  0.023  0.152  0.093       71
  6:     0.879  0.028  0.001  0.003  0.089  0.000       46
  7:     0.827  0.007  0.001  0.002  0.152  0.011       58
  8:     0.813  0.038  0.012  0.008  0.103  0.027       58
  9:     0.785  0.062  0.007  0.011  0.135  0.001       33
 10:     0.897  0.002  0.034  0.002  0.054  0.011       27
 11:     0.803  0.020  0.001  0.080  0.053  0.043       25
 12:     0.864  0.027  0.005  0.004  0.066  0.034       31
 13:     0.873  0.009  0.001  0.005  0.112  0.000       52
 14:     0.891  0.007  0.001  0.016  0.084  0.000       57
 15:     0.773  0.015  0.001  0.011  0.194  0.006       42
 16:     0.806  0.029  0.011  0.043  0.110  0.002       42
 17:     0.816  0.014  0.002  0.005  0.160  0.004       25
 18:     0.184  0.048  0.001  0.053  0.713  0.000       38
 19:     0.118  0.141  0.038  0.073  0.543  0.087       35
 20:     0.083  0.074  0.014  0.058  0.705  0.066       57
 21:     0.187  0.074  0.008  0.066  0.561  0.103        8
 22:     0.048  0.071  0.038  0.050  0.714  0.080       54
 23:     0.049  0.008  0.007  0.023  0.909  0.004       75
 24:     0.046  0.028  0.009  0.051  0.823  0.043       50
 25:     0.072  0.034  0.011  0.012  0.869  0.001       42
 26:     0.021  0.020  0.016  0.063  0.867  0.013       42
 27:     0.012  0.555  0.096  0.172  0.113  0.053       27
 28:     0.017  0.419  0.128  0.288  0.094  0.055       27
 29:     0.033  0.527  0.045  0.310  0.067  0.018       56
 30:     0.002  0.433  0.118  0.388  0.045  0.014       58
 31:     0.006  0.265  0.051  0.597  0.069  0.012       41
 32:     0.003  0.044  0.016  0.901  0.028  0.008       26
 33:     0.080  0.376  0.015  0.394  0.134  0.002       51
 34:     0.001  0.236  0.071  0.604  0.040  0.047       31
 35:     0.005  0.271  0.031  0.647  0.035  0.010       52
 36:     0.003  0.199  0.033  0.737  0.024  0.005       43
 37:     0.029  0.242  0.012  0.674  0.005  0.038       23
 38:     0.004  0.214  0.038  0.688  0.028  0.028       42
 39:     0.026  0.033  0.002  0.874  0.065  0.000       41
 40:     0.008  0.724  0.017  0.204  0.042  0.006       33
 41:     0.013  0.514  0.021  0.382  0.049  0.021       26
 42:     0.003  0.613  0.016  0.245  0.115  0.007       35
 43:     0.001  0.531  0.062  0.372  0.032  0.003       22
 44:     0.040  0.652  0.029  0.133  0.072  0.074       52
 45:     0.028  0.568  0.073  0.262  0.059  0.011       41
 46:     0.002  0.332  0.510  0.077  0.028  0.051       46
 47:     0.000  0.091  0.842  0.047  0.007  0.014       38
 48:     0.001  0.055  0.840  0.055  0.016  0.034       58
 49:     0.003  0.081  0.830  0.038  0.011  0.036       55
 50:     0.016  0.042  0.875  0.017  0.018  0.032       61
 51:     0.010  0.092  0.672  0.088  0.026  0.112       35
 52:     0.000  0.015  0.812  0.013  0.005  0.154       23
 53:     0.013  0.054  0.202  0.048  0.056  0.627       52
 54:     0.000  0.012  0.681  0.037  0.072  0.198       22
 55:     0.000  0.003  0.716  0.001  0.038  0.241       35
 56:     0.000  0.023  0.717  0.002  0.001  0.257       14
 57:     0.000  0.054  0.300  0.032  0.029  0.584       42
 58:     0.001  0.064  0.344  0.037  0.069  0.485       39
 59:     0.008  0.119  0.030  0.024  0.006  0.811       56
 60:     0.007  0.031  0.056  0.006  0.023  0.877       49
 61:     0.000  0.002  0.064  0.002  0.001  0.931       27
 62:     0.002  0.004  0.041  0.005  0.001  0.947       41
 63:     0.000  0.004  0.034  0.001  0.001  0.961       33


  1:     0.040  0.007  0.952  0.000  0.001  0.000       21
  2:     0.124  0.116  0.753  0.000  0.005  0.002       36
  3:     0.165  0.072  0.677  0.022  0.032  0.031       66
  4:     0.217  0.099  0.547  0.057  0.040  0.040       52
  5:     0.189  0.107  0.565  0.104  0.029  0.007       71
  6:     0.227  0.049  0.710  0.000  0.012  0.001       46
  7:     0.057  0.036  0.897  0.008  0.001  0.001       58
  8:     0.740  0.050  0.150  0.028  0.013  0.019       58
  9:     0.764  0.078  0.117  0.001  0.034  0.007       33
 10:     0.766  0.022  0.171  0.008  0.001  0.033       27
 11:     0.858  0.024  0.041  0.032  0.045  0.000       25
 12:     0.861  0.027  0.069  0.034  0.006  0.003       31
 13:     0.782  0.081  0.132  0.000  0.004  0.001       52
 14:     0.815  0.038  0.138  0.000  0.008  0.000       57
 15:     0.798  0.089  0.101  0.002  0.009  0.001       42
 16:     0.763  0.069  0.118  0.001  0.028  0.021       42
 17:     0.597  0.064  0.326  0.004  0.007  0.003       25
 18:     0.179  0.636  0.113  0.000  0.069  0.002       38
 19:     0.117  0.544  0.070  0.109  0.106  0.054       35
 20:     0.062  0.661  0.102  0.073  0.083  0.020       57
 21:     0.176  0.544  0.035  0.120  0.121  0.005        8
 22:     0.040  0.753  0.029  0.083  0.050  0.044       54
 23:     0.061  0.872  0.038  0.005  0.014  0.010       75
 24:     0.034  0.795  0.065  0.046  0.052  0.009       50
 25:     0.057  0.822  0.093  0.002  0.019  0.008       42
 26:     0.013  0.870  0.065  0.012  0.023  0.017       42
 27:     0.025  0.134  0.003  0.082  0.528  0.228       27
 28:     0.046  0.158  0.030  0.084  0.462  0.221       27
 29:     0.029  0.097  0.046  0.031  0.699  0.098       56
 30:     0.011  0.065  0.002  0.028  0.723  0.171       58
 31:     0.007  0.100  0.005  0.017  0.781  0.091       41
 32:     0.004  0.033  0.003  0.019  0.921  0.021       26
 33:     0.054  0.135  0.098  0.002  0.684  0.027       51
 34:     0.001  0.056  0.003  0.052  0.742  0.145       31
 35:     0.015  0.059  0.007  0.019  0.835  0.065       52
 36:     0.010  0.061  0.004  0.012  0.837  0.076       43
 37:     0.016  0.009  0.018  0.046  0.893  0.018       23
 38:     0.010  0.059  0.004  0.041  0.830  0.056       42
 39:     0.052  0.151  0.005  0.001  0.781  0.009       41
 40:     0.020  0.068  0.017  0.018  0.815  0.063       33
 41:     0.030  0.061  0.007  0.042  0.793  0.067       26
 42:     0.011  0.139  0.005  0.016  0.777  0.051       35
 43:     0.000  0.038  0.004  0.004  0.869  0.085       22
 44:     0.058  0.096  0.017  0.145  0.586  0.097       52
 45:     0.022  0.104  0.022  0.027  0.644  0.180       41
 46:     0.001  0.038  0.009  0.094  0.152  0.707       46
 47:     0.001  0.009  0.001  0.019  0.066  0.905       38
 48:     0.000  0.016  0.006  0.038  0.057  0.883       58
 49:     0.002  0.012  0.008  0.045  0.050  0.884       55
 50:     0.015  0.016  0.003  0.048  0.019  0.899       61
 51:     0.009  0.038  0.010  0.131  0.098  0.713       35
 52:     0.000  0.008  0.000  0.169  0.025  0.798       23
 53:     0.017  0.061  0.006  0.658  0.054  0.204       52
 54:     0.005  0.077  0.000  0.222  0.021  0.675       22
 55:     0.002  0.034  0.000  0.273  0.004  0.687       35
 56:     0.000  0.001  0.001  0.289  0.008  0.700       14
 57:     0.001  0.034  0.000  0.618  0.039  0.308       42
 58:     0.001  0.081  0.002  0.545  0.047  0.325       39
 59:     0.023  0.011  0.003  0.869  0.051  0.043       56
 60:     0.003  0.026  0.012  0.888  0.017  0.054       49
 61:     0.000  0.002  0.000  0.933  0.001  0.063       27
 62:     0.001  0.001  0.003  0.951  0.004  0.039       41
 63:     0.000  0.001  0.000  0.963  0.000  0.036       33


  1:     0.952  0.048  0.000  0.000  0.000  0.000       21
  2:     0.861  0.000  0.000  0.000  0.000  0.139       36
  3:     0.803  0.045  0.015  0.015  0.030  0.091       66
  4:     0.712  0.038  0.058  0.096  0.000  0.096       52
  5:     0.718  0.028  0.000  0.099  0.028  0.127       71
  6:     0.957  0.000  0.000  0.000  0.000  0.043       46
  7:     0.862  0.000  0.000  0.017  0.000  0.121       58
  8:     0.897  0.000  0.017  0.034  0.017  0.034       58
  9:     0.818  0.030  0.000  0.000  0.000  0.152       33
 10:     0.963  0.000  0.037  0.000  0.000  0.000       27
 11:     0.880  0.080  0.000  0.040  0.000  0.000       25
 12:     0.903  0.000  0.000  0.000  0.065  0.032       31
 13:     0.904  0.000  0.000  0.000  0.000  0.096       52
 14:     0.912  0.000  0.000  0.000  0.000  0.088       57
 15:     0.881  0.024  0.000  0.024  0.024  0.048       42
 16:     0.905  0.024  0.024  0.000  0.000  0.048       42
 17:     1.000  0.000  0.000  0.000  0.000  0.000       25
 18:     0.158  0.079  0.000  0.000  0.000  0.763       38
 19:     0.171  0.029  0.000  0.114  0.114  0.571       35
 20:     0.053  0.088  0.000  0.070  0.053  0.737       57
 21:     0.250  0.125  0.000  0.125  0.000  0.500        8
 22:     0.037  0.037  0.037  0.074  0.037  0.778       54
 23:     0.067  0.000  0.027  0.000  0.000  0.907       75
 24:     0.040  0.060  0.000  0.080  0.000  0.820       50
 25:     0.095  0.000  0.000  0.000  0.000  0.905       42
 26:     0.000  0.000  0.000  0.000  0.000  1.000       42
 27:     0.000  0.519  0.185  0.074  0.074  0.148       27
 28:     0.000  0.407  0.074  0.074  0.296  0.148       27
 29:     0.018  0.804  0.018  0.018  0.089  0.054       56
 30:     0.000  0.759  0.172  0.017  0.017  0.034       58
 31:     0.000  0.780  0.049  0.024  0.049  0.098       41
 32:     0.000  0.885  0.038  0.000  0.038  0.038       26
 33:     0.059  0.725  0.020  0.000  0.020  0.176       51
 34:     0.000  0.742  0.097  0.000  0.129  0.032       31
 35:     0.000  0.885  0.058  0.000  0.019  0.038       52
 36:     0.000  0.860  0.023  0.000  0.093  0.023       43
 37:     0.043  0.913  0.000  0.043  0.000  0.000       23
 38:     0.000  0.833  0.048  0.024  0.024  0.071       42
 39:     0.024  0.829  0.024  0.000  0.000  0.122       41
 40:     0.000  0.879  0.030  0.000  0.030  0.061       33
 41:     0.000  0.808  0.077  0.038  0.038  0.038       26
 42:     0.000  0.800  0.029  0.029  0.000  0.143       35
 43:     0.000  0.864  0.091  0.000  0.000  0.045       22
 44:     0.058  0.577  0.115  0.154  0.019  0.077       52
 45:     0.024  0.537  0.122  0.000  0.220  0.098       41
 46:     0.000  0.109  0.130  0.000  0.717  0.043       46
 47:     0.000  0.000  0.842  0.000  0.158  0.000       38
 48:     0.000  0.034  0.741  0.017  0.207  0.000       58
 49:     0.000  0.018  0.891  0.018  0.073  0.000       55
 50:     0.016  0.000  0.803  0.049  0.131  0.000       61
 51:     0.000  0.086  0.514  0.057  0.314  0.029       35
 52:     0.000  0.000  0.783  0.043  0.174  0.000       23
 53:     0.019  0.058  0.077  0.135  0.673  0.038       52
 54:     0.000  0.000  0.318  0.136  0.500  0.045       22
 55:     0.000  0.000  0.343  0.143  0.486  0.029       35
 56:     0.000  0.000  0.357  0.143  0.500  0.000       14
 57:     0.000  0.048  0.143  0.381  0.381  0.048       42
 58:     0.000  0.000  0.179  0.256  0.487  0.077       39
 59:     0.018  0.018  0.000  0.750  0.214  0.000       56
 60:     0.000  0.000  0.000  0.694  0.286  0.020       49
 61:     0.000  0.000  0.074  0.815  0.111  0.000       27
 62:     0.000  0.000  0.000  0.829  0.171  0.000       41
 63:     0.000  0.000  0.030  0.909  0.061  0.000       33


  1:     0.048  0.952  0.000  0.000  0.000  0.000       21
  2:     0.000  0.944  0.056  0.000  0.000  0.000       36
  3:     0.045  0.818  0.045  0.015  0.061  0.015       66
  4:     0.058  0.808  0.019  0.038  0.038  0.038       52
  5:     0.000  0.803  0.070  0.085  0.042  0.000       71
  6:     0.022  0.978  0.000  0.000  0.000  0.000       46
  7:     0.000  0.966  0.000  0.017  0.017  0.000       58
  8:     0.000  0.897  0.017  0.052  0.034  0.000       58
  9:     0.030  0.848  0.030  0.000  0.091  0.000       33
 10:     0.000  0.963  0.000  0.000  0.000  0.037       27
 11:     0.040  0.880  0.080  0.000  0.000  0.000       25
 12:     0.032  0.935  0.000  0.032  0.000  0.000       31
 13:     0.000  0.981  0.000  0.000  0.019  0.000       52
 14:     0.018  0.982  0.000  0.000  0.000  0.000       57
 15:     0.048  0.929  0.000  0.000  0.024  0.000       42
 16:     0.095  0.857  0.000  0.000  0.048  0.000       42
 17:     0.000  0.960  0.000  0.000  0.040  0.000       25
 18:     0.158  0.737  0.079  0.000  0.026  0.000       38
 19:     0.143  0.286  0.000  0.057  0.514  0.000       35
 20:     0.105  0.491  0.193  0.088  0.123  0.000       57
 21:     0.125  0.625  0.125  0.000  0.000  0.125        8
 22:     0.130  0.389  0.185  0.056  0.167  0.074       54
 23:     0.093  0.680  0.120  0.000  0.093  0.013       75
 24:     0.040  0.640  0.160  0.060  0.040  0.060       50
 25:     0.048  0.786  0.024  0.000  0.095  0.048       42
 26:     0.167  0.429  0.143  0.024  0.214  0.024       42
 27:     0.481  0.037  0.185  0.111  0.185  0.000       27
 28:     0.519  0.074  0.148  0.000  0.148  0.111       27
 29:     0.393  0.018  0.357  0.000  0.161  0.071       56
 30:     0.466  0.000  0.293  0.017  0.086  0.138       58
 31:     0.561  0.024  0.317  0.000  0.049  0.049       41
 32:     0.962  0.000  0.000  0.038  0.000  0.000       26
 33:     0.569  0.176  0.235  0.000  0.020  0.000       51
 34:     0.226  0.000  0.484  0.032  0.161  0.097       31
 35:     0.481  0.000  0.423  0.000  0.058  0.038       52
 36:     0.256  0.000  0.698  0.000  0.023  0.023       43
 37:     0.435  0.000  0.478  0.043  0.000  0.043       23
 38:     0.381  0.000  0.500  0.000  0.071  0.048       42
 39:     0.756  0.024  0.195  0.000  0.024  0.000       41
 40:     0.182  0.000  0.697  0.000  0.091  0.030       33
 41:     0.231  0.038  0.615  0.000  0.115  0.000       26
 42:     0.371  0.029  0.514  0.000  0.086  0.000       35
 43:     0.364  0.045  0.545  0.000  0.000  0.045       22
 44:     0.308  0.058  0.212  0.077  0.346  0.000       52
 45:     0.146  0.049  0.610  0.024  0.146  0.024       41
 46:     0.043  0.000  0.043  0.000  0.761  0.152       46
 47:     0.026  0.000  0.053  0.026  0.263  0.632       38
 48:     0.034  0.000  0.034  0.017  0.172  0.741       58
 49:     0.036  0.000  0.127  0.018  0.073  0.745       55
 50:     0.000  0.016  0.049  0.000  0.213  0.721       61
 51:     0.057  0.000  0.171  0.057  0.171  0.543       35
 52:     0.000  0.000  0.043  0.130  0.130  0.696       23
 53:     0.058  0.019  0.019  0.481  0.173  0.250       52
 54:     0.000  0.000  0.045  0.091  0.045  0.818       22
 55:     0.000  0.000  0.000  0.229  0.000  0.771       35
 56:     0.000  0.000  0.071  0.214  0.000  0.714       14
 57:     0.024  0.000  0.095  0.405  0.119  0.357       42
 58:     0.000  0.000  0.103  0.436  0.205  0.256       39
 59:     0.018  0.018  0.071  0.821  0.071  0.000       56
 60:     0.000  0.000  0.000  0.837  0.122  0.041       49
 61:     0.000  0.000  0.000  0.926  0.000  0.074       27
 62:     0.000  0.000  0.024  0.927  0.024  0.024       41
 63:     0.000  0.000  0.000  0.909  0.091  0.000       33


  1:     0.000  0.000  0.000  1.000  0.000  0.000       21
  2:     0.000  0.056  0.000  0.833  0.000  0.111       36
  3:     0.045  0.076  0.015  0.697  0.015  0.152       66
  4:     0.058  0.096  0.038  0.596  0.038  0.173       52
  5:     0.014  0.099  0.113  0.606  0.028  0.141       71
  6:     0.000  0.022  0.000  0.783  0.000  0.196       46
  7:     0.000  0.034  0.000  0.966  0.000  0.000       58
  8:     0.052  0.034  0.017  0.155  0.000  0.741       58
  9:     0.000  0.121  0.000  0.061  0.030  0.788       33
 10:     0.037  0.000  0.000  0.148  0.000  0.815       27
 11:     0.000  0.000  0.040  0.040  0.040  0.880       25
 12:     0.000  0.000  0.032  0.032  0.000  0.935       31
 13:     0.000  0.096  0.000  0.154  0.000  0.750       52
 14:     0.000  0.035  0.000  0.140  0.000  0.825       57
 15:     0.000  0.024  0.000  0.071  0.000  0.905       42
 16:     0.024  0.071  0.000  0.143  0.024  0.738       42
 17:     0.000  0.040  0.000  0.280  0.000  0.680       25
 18:     0.000  0.526  0.000  0.132  0.053  0.289       38
 19:     0.029  0.457  0.171  0.086  0.057  0.200       35
 20:     0.000  0.737  0.088  0.088  0.070  0.018       57
 21:     0.000  0.500  0.125  0.125  0.125  0.125        8
 22:     0.056  0.778  0.093  0.019  0.037  0.019       54
 23:     0.027  0.867  0.000  0.027  0.013  0.067       75
 24:     0.020  0.860  0.040  0.020  0.060  0.000       50
 25:     0.000  0.881  0.000  0.048  0.024  0.048       42
 26:     0.000  0.976  0.000  0.024  0.000  0.000       42
 27:     0.185  0.111  0.111  0.000  0.556  0.037       27
 28:     0.370  0.037  0.111  0.037  0.370  0.074       27
 29:     0.089  0.036  0.018  0.054  0.786  0.018       56
 30:     0.155  0.034  0.017  0.000  0.776  0.017       58
 31:     0.073  0.049  0.024  0.000  0.854  0.000       41
 32:     0.000  0.038  0.038  0.000  0.923  0.000       26
 33:     0.020  0.098  0.000  0.078  0.765  0.039       51
 34:     0.161  0.032  0.032  0.000  0.774  0.000       31
 35:     0.077  0.038  0.019  0.000  0.846  0.019       52
 36:     0.070  0.023  0.023  0.000  0.860  0.023       43
 37:     0.043  0.000  0.043  0.000  0.913  0.000       23
 38:     0.048  0.024  0.048  0.000  0.881  0.000       42
 39:     0.000  0.098  0.000  0.000  0.854  0.049       41
 40:     0.030  0.030  0.030  0.000  0.909  0.000       33
 41:     0.038  0.038  0.038  0.000  0.846  0.038       26
 42:     0.057  0.143  0.029  0.000  0.771  0.000       35
 43:     0.136  0.045  0.000  0.000  0.818  0.000       22
 44:     0.115  0.058  0.173  0.000  0.596  0.058       52
 45:     0.293  0.098  0.024  0.024  0.537  0.024       41
 46:     0.804  0.000  0.065  0.000  0.130  0.000       46
 47:     0.974  0.000  0.026  0.000  0.000  0.000       38
 48:     0.931  0.000  0.000  0.017  0.052  0.000       58
 49:     0.945  0.000  0.036  0.000  0.018  0.000       55
 50:     0.918  0.016  0.033  0.000  0.016  0.016       61
 51:     0.771  0.029  0.114  0.000  0.086  0.000       35
 52:     0.870  0.000  0.130  0.000  0.000  0.000       23
 53:     0.192  0.038  0.692  0.000  0.058  0.019       52
 54:     0.636  0.091  0.273  0.000  0.000  0.000       22
 55:     0.629  0.057  0.314  0.000  0.000  0.000       35
 56:     0.714  0.000  0.286  0.000  0.000  0.000       14
 57:     0.286  0.048  0.619  0.000  0.048  0.000       42
 58:     0.282  0.103  0.615  0.000  0.000  0.000       39
 59:     0.036  0.000  0.929  0.000  0.018  0.018       56
 60:     0.061  0.020  0.918  0.000  0.000  0.000       49
 61:     0.037  0.000  0.963  0.000  0.000  0.000       27
 62:     0.024  0.000  0.976  0.000  0.000  0.000       41
 63:     0.030  0.000  0.970  0.000  0.000  0.000       33


  1:     0.000  0.048  0.952  0.000  0.000  0.000       21
  2:     0.000  0.056  0.917  0.028  0.000  0.000       36
  3:     0.015  0.030  0.788  0.061  0.076  0.030       66
  4:     0.038  0.096  0.769  0.019  0.058  0.019       52
  5:     0.085  0.085  0.789  0.000  0.042  0.000       71
  6:     0.000  0.000  0.957  0.022  0.022  0.000       46
  7:     0.017  0.034  0.914  0.000  0.034  0.000       58
  8:     0.017  0.052  0.897  0.000  0.017  0.017       58
  9:     0.000  0.061  0.848  0.000  0.091  0.000       33
 10:     0.000  0.000  0.963  0.000  0.000  0.037       27
 11:     0.040  0.080  0.840  0.000  0.040  0.000       25
 12:     0.032  0.032  0.935  0.000  0.000  0.000       31
 13:     0.000  0.000  0.981  0.019  0.000  0.000       52
 14:     0.000  0.018  0.965  0.000  0.018  0.000       57
 15:     0.000  0.000  0.929  0.048  0.024  0.000       42
 16:     0.000  0.024  0.857  0.024  0.071  0.024       42
 17:     0.000  0.040  0.960  0.000  0.000  0.000       25
 18:     0.000  0.105  0.684  0.105  0.105  0.000       38
 19:     0.057  0.086  0.371  0.286  0.114  0.086       35
 20:     0.053  0.035  0.421  0.316  0.158  0.018       57
 21:     0.125  0.000  0.500  0.375  0.000  0.000        8
 22:     0.093  0.037  0.296  0.352  0.130  0.093       54
 23:     0.000  0.040  0.640  0.173  0.107  0.040       75
 24:     0.080  0.000  0.520  0.300  0.060  0.040       50
 25:     0.000  0.000  0.452  0.286  0.167  0.095       42
 26:     0.000  0.024  0.024  0.048  0.905  0.000       42
 27:     0.000  0.704  0.000  0.148  0.111  0.037       27
 28:     0.037  0.519  0.037  0.185  0.111  0.111       27
 29:     0.018  0.536  0.018  0.161  0.250  0.018       56
 30:     0.017  0.414  0.000  0.103  0.379  0.086       58
 31:     0.000  0.244  0.000  0.220  0.488  0.049       41
 32:     0.000  0.077  0.000  0.000  0.885  0.038       26
 33:     0.000  0.176  0.098  0.353  0.373  0.000       51
 34:     0.065  0.323  0.000  0.452  0.129  0.032       31
 35:     0.000  0.250  0.000  0.500  0.231  0.019       52
 36:     0.000  0.140  0.000  0.395  0.465  0.000       43
 37:     0.000  0.087  0.043  0.522  0.348  0.000       23
 38:     0.024  0.095  0.000  0.548  0.310  0.024       42
 39:     0.000  0.000  0.024  0.878  0.098  0.000       41
 40:     0.000  0.364  0.000  0.515  0.121  0.000       33
 41:     0.000  0.269  0.000  0.577  0.154  0.000       26
 42:     0.000  0.229  0.029  0.571  0.143  0.029       35
 43:     0.000  0.136  0.000  0.727  0.136  0.000       22
 44:     0.058  0.173  0.058  0.615  0.096  0.000       52
 45:     0.000  0.317  0.049  0.488  0.024  0.122       41
 46:     0.000  0.370  0.000  0.022  0.022  0.587       46
 47:     0.026  0.026  0.000  0.000  0.053  0.895       38
 48:     0.000  0.052  0.000  0.017  0.052  0.879       58
 49:     0.036  0.073  0.000  0.018  0.018  0.855       55
 50:     0.000  0.131  0.016  0.000  0.000  0.852       61
 51:     0.057  0.057  0.000  0.029  0.086  0.771       35
 52:     0.174  0.043  0.000  0.043  0.000  0.739       23
 53:     0.615  0.058  0.019  0.019  0.077  0.212       52
 54:     0.182  0.045  0.000  0.091  0.045  0.636       22
 55:     0.343  0.000  0.000  0.000  0.000  0.657       35
 56:     0.286  0.000  0.000  0.000  0.000  0.714       14
 57:     0.548  0.143  0.000  0.024  0.000  0.286       42
 58:     0.538  0.128  0.000  0.077  0.026  0.231       39
 59:     0.804  0.071  0.018  0.071  0.036  0.000       56
 60:     0.898  0.041  0.000  0.000  0.020  0.041       49
 61:     0.889  0.037  0.000  0.000  0.000  0.074       27
 62:     0.976  0.000  0.000  0.000  0.000  0.024       41
 63:     0.939  0.030  0.000  0.000  0.000  0.030       33


  1:     0.000  0.000  0.000  0.000  0.952  0.048       21
  2:     0.000  0.111  0.000  0.000  0.861  0.028       36
  3:     0.015  0.076  0.061  0.045  0.758  0.045       66
  4:     0.077  0.096  0.038  0.000  0.712  0.077       52
  5:     0.099  0.127  0.000  0.000  0.648  0.127       71
  6:     0.000  0.000  0.000  0.000  0.957  0.043       46
  7:     0.034  0.052  0.000  0.000  0.897  0.017       58
  8:     0.052  0.052  0.000  0.000  0.845  0.052       58
  9:     0.000  0.091  0.000  0.000  0.788  0.121       33
 10:     0.000  0.000  0.000  0.037  0.963  0.000       27
 11:     0.040  0.000  0.080  0.000  0.880  0.000       25
 12:     0.032  0.032  0.000  0.000  0.903  0.032       31
 13:     0.000  0.077  0.000  0.000  0.923  0.000       52
 14:     0.000  0.053  0.000  0.000  0.947  0.000       57
 15:     0.000  0.119  0.024  0.000  0.833  0.024       42
 16:     0.000  0.071  0.024  0.000  0.881  0.024       42
 17:     0.000  0.000  0.000  0.000  1.000  0.000       25
 18:     0.000  0.711  0.079  0.000  0.211  0.000       38
 19:     0.029  0.429  0.029  0.029  0.171  0.314       35
 20:     0.053  0.702  0.070  0.000  0.070  0.105       57
 21:     0.000  0.625  0.125  0.125  0.125  0.000        8
 22:     0.074  0.722  0.000  0.056  0.056  0.093       54
 23:     0.000  0.880  0.000  0.000  0.067  0.053       75
 24:     0.040  0.840  0.060  0.020  0.020  0.020       50
 25:     0.000  0.857  0.000  0.000  0.119  0.024       42
 26:     0.000  0.976  0.000  0.000  0.000  0.024       42
 27:     0.148  0.148  0.444  0.000  0.000  0.259       27
 28:     0.074  0.074  0.444  0.111  0.000  0.296       27
 29:     0.000  0.071  0.625  0.000  0.036  0.268       56
 30:     0.017  0.052  0.621  0.103  0.000  0.207       58
 31:     0.024  0.073  0.854  0.024  0.000  0.024       41
 32:     0.000  0.038  0.923  0.000  0.000  0.038       26
 33:     0.000  0.098  0.647  0.000  0.039  0.216       51
 34:     0.032  0.000  0.645  0.065  0.000  0.258       31
 35:     0.000  0.038  0.769  0.019  0.000  0.173       52
 36:     0.000  0.023  0.814  0.070  0.000  0.093       43
 37:     0.043  0.000  0.913  0.043  0.000  0.000       23
 38:     0.048  0.048  0.833  0.024  0.000  0.048       42
 39:     0.000  0.122  0.829  0.000  0.024  0.024       41
 40:     0.000  0.030  0.667  0.000  0.000  0.303       33
 41:     0.000  0.077  0.731  0.000  0.000  0.192       26
 42:     0.000  0.143  0.743  0.000  0.000  0.114       35
 43:     0.000  0.045  0.818  0.045  0.000  0.091       22
 44:     0.135  0.058  0.519  0.019  0.058  0.212       52
 45:     0.000  0.024  0.537  0.049  0.024  0.366       41
 46:     0.065  0.000  0.065  0.804  0.000  0.065       46
 47:     0.000  0.000  0.000  0.921  0.000  0.079       38
