  1:     0.000  0.000  0.946  0.023  0.030       21
  2:     0.000  0.003  0.707  0.011  0.278       36
  3:     0.026  0.035  0.774  0.048  0.118       66
  4:     0.062  0.040  0.704  0.050  0.144       52
  5:     0.105  0.007  0.692  0.035  0.161       71
  6:     0.000  0.001  0.888  0.014  0.096       46
  7:     0.013  0.002  0.835  0.003  0.148       58
  8:     0.028  0.025  0.825  0.018  0.103       58
  9:     0.001  0.013  0.806  0.041  0.139       33
 10:     0.012  0.032  0.901  0.001  0.053       27
 11:     0.046  0.002  0.809  0.077  0.067       25
 12:     0.038  0.007  0.870  0.011  0.075       31
 13:     0.000  0.002  0.876  0.007  0.116       52
 14:     0.000  0.002  0.893  0.015  0.089       57
 15:     0.006  0.002  0.779  0.018  0.196       42
 16:     0.001  0.022  0.825  0.039  0.113       42
 17:     0.006  0.005  0.845  0.011  0.134       25
 18:     0.000  0.002  0.195  0.079  0.723       38
 19:     0.109  0.057  0.126  0.122  0.586       35
 20:     0.072  0.021  0.091  0.090  0.726       57
 21:     0.120  0.005  0.192  0.122  0.561        8
 22:     0.084  0.050  0.049  0.055  0.762       54
 23:     0.005  0.010  0.054  0.017  0.914       75
 24:     0.048  0.009  0.052  0.058  0.834       50
 25:     0.002  0.012  0.078  0.024  0.883       42
 26:     0.015  0.022  0.023  0.029  0.910       42
 27:     0.081  0.231  0.013  0.537  0.138       27
 28:     0.085  0.223  0.033  0.499  0.160       27
 29:     0.033  0.101  0.046  0.727  0.094       56
 30:     0.030  0.173  0.005  0.729  0.063       58
 31:     0.017  0.093  0.007  0.786  0.097       41
 32:     0.019  0.021  0.005  0.921  0.034       26
 33:     0.003  0.029  0.099  0.708  0.161       51
 34:     0.053  0.145  0.001  0.745  0.057       31
 35:     0.019  0.064  0.006  0.852  0.059       52
 36:     0.012  0.077  0.004  0.846  0.060       43
 37:     0.043  0.020  0.032  0.897  0.008       23
 38:     0.042  0.057  0.006  0.834  0.062       42
 39:     0.001  0.010  0.045  0.807  0.137       41
 40:     0.019  0.066  0.021  0.826  0.069       33
 41:     0.041  0.071  0.014  0.811  0.063       26
 42:     0.017  0.053  0.004  0.792  0.134       35
 43:     0.004  0.085  0.001  0.871  0.039       22
 44:     0.149  0.097  0.048  0.598  0.108       52
 45:     0.027  0.183  0.036  0.651  0.103       41
 46:     0.095  0.711  0.002  0.149  0.044       46
 47:     0.019  0.906  0.001  0.066  0.008       38
 48:     0.039  0.888  0.001  0.057  0.015       58
 49:     0.045  0.887  0.003  0.049  0.015       55
 50:     0.048  0.897  0.017  0.019  0.019       61
 51:     0.135  0.721  0.011  0.099  0.034       35
 52:     0.170  0.796  0.000  0.027  0.008       23
 53:     0.665  0.202  0.015  0.055  0.062       52
 54:     0.229  0.672  0.000  0.021  0.078       22
 55:     0.278  0.682  0.001  0.004  0.035       35
 56:     0.293  0.697  0.000  0.008  0.001       14
 57:     0.624  0.302  0.001  0.040  0.034       42
 58:     0.550  0.322  0.001  0.051  0.077       39
 59:     0.873  0.044  0.012  0.058  0.012       56
 60:     0.891  0.055  0.009  0.018  0.028       49
 61:     0.935  0.062  0.000  0.001  0.002       27
 62:     0.952  0.039  0.003  0.005  0.001       41
 63:     0.962  0.036  0.000  0.000  0.001       33


  1:     0.000  0.030  0.023  0.000  0.946       21
  2:     0.003  0.279  0.011  0.000  0.707       36
  3:     0.035  0.118  0.048  0.026  0.773       66
  4:     0.040  0.144  0.050  0.062  0.704       52
  5:     0.007  0.161  0.035  0.105  0.692       71
  6:     0.001  0.096  0.014  0.000  0.888       46
  7:     0.002  0.148  0.002  0.013  0.835       58
  8:     0.025  0.103  0.018  0.028  0.825       58
  9:     0.013  0.139  0.041  0.001  0.806       33
 10:     0.032  0.053  0.001  0.012  0.901       27
 11:     0.002  0.067  0.076  0.046  0.809       25
 12:     0.007  0.075  0.010  0.038  0.870       31
 13:     0.002  0.116  0.007  0.000  0.876       52
 14:     0.002  0.089  0.015  0.000  0.893       57
 15:     0.002  0.196  0.017  0.006  0.779       42
 16:     0.022  0.113  0.039  0.001  0.825       42
 17:     0.005  0.135  0.011  0.006  0.844       25
 18:     0.002  0.725  0.079  0.000  0.194       38
 19:     0.057  0.586  0.122  0.109  0.126       35
 20:     0.021  0.726  0.090  0.072  0.091       57
 21:     0.005  0.561  0.122  0.120  0.192        8
 22:     0.050  0.762  0.055  0.084  0.049       54
 23:     0.010  0.914  0.017  0.005  0.054       75
 24:     0.009  0.834  0.058  0.048  0.052       50
 25:     0.012  0.883  0.024  0.002  0.078       42
 26:     0.022  0.910  0.029  0.015  0.024       42
 27:     0.231  0.138  0.537  0.082  0.013       27
 28:     0.223  0.160  0.499  0.085  0.033       27
 29:     0.101  0.094  0.727  0.032  0.046       56
 30:     0.173  0.064  0.728  0.030  0.005       58
 31:     0.093  0.097  0.786  0.017  0.007       41
 32:     0.021  0.034  0.921  0.019  0.005       26
 33:     0.029  0.161  0.708  0.003  0.099       51
 34:     0.145  0.057  0.744  0.052  0.001       31
 35:     0.064  0.059  0.852  0.019  0.006       52
 36:     0.077  0.060  0.846  0.012  0.004       43
 37:     0.020  0.008  0.897  0.043  0.032       23
 38:     0.057  0.062  0.834  0.042  0.006       42
 39:     0.010  0.138  0.807  0.001  0.045       41
 40:     0.066  0.069  0.826  0.019  0.021       33
 41:     0.071  0.063  0.811  0.041  0.014       26
 42:     0.053  0.134  0.792  0.017  0.004       35
 43:     0.086  0.039  0.871  0.004  0.001       22
 44:     0.097  0.108  0.598  0.149  0.048       52
 45:     0.183  0.103  0.651  0.027  0.036       41
 46:     0.711  0.044  0.149  0.095  0.002       46
 47:     0.906  0.008  0.066  0.019  0.001       38
 48:     0.888  0.016  0.057  0.039  0.001       58
 49:     0.887  0.015  0.049  0.045  0.003       55
 50:     0.897  0.019  0.019  0.048  0.017       61
 51:     0.721  0.035  0.099  0.134  0.011       35
 52:     0.796  0.008  0.027  0.170  0.000       23
 53:     0.203  0.062  0.055  0.665  0.015       52
 54:     0.672  0.078  0.021  0.228  0.000       22
 55:     0.683  0.035  0.004  0.277  0.001       35
 56:     0.698  0.001  0.008  0.292  0.000       14
 57:     0.302  0.034  0.040  0.623  0.001       42
 58:     0.322  0.077  0.051  0.549  0.001       39
 59:     0.044  0.012  0.058  0.873  0.012       56
 60:     0.054  0.028  0.018  0.891  0.009       49
 61:     0.062  0.002  0.001  0.935  0.000       27
 62:     0.039  0.001  0.005  0.952  0.003       41
 63:     0.036  0.001  0.000  0.962  0.000       33


  1:     0.000  0.000  0.023  0.030  0.946       21
  2:     0.003  0.000  0.011  0.279  0.707       36
  3:     0.035  0.026  0.048  0.118  0.773       66
  4:     0.040  0.062  0.050  0.144  0.704       52
  5:     0.007  0.105  0.035  0.161  0.692       71
  6:     0.001  0.000  0.014  0.096  0.888       46
  7:     0.002  0.013  0.003  0.148  0.835       58
  8:     0.025  0.028  0.018  0.103  0.825       58
  9:     0.013  0.001  0.041  0.139  0.806       33
 10:     0.032  0.012  0.001  0.053  0.901       27
 11:     0.002  0.046  0.076  0.067  0.809       25
 12:     0.007  0.038  0.011  0.075  0.870       31
 13:     0.002  0.000  0.007  0.116  0.876       52
 14:     0.002  0.000  0.015  0.089  0.893       57
 15:     0.002  0.006  0.018  0.196  0.779       42
 16:     0.022  0.001  0.039  0.113  0.825       42
 17:     0.005  0.006  0.011  0.134  0.844       25
 18:     0.002  0.000  0.079  0.724  0.194       38
 19:     0.057  0.109  0.122  0.586  0.126       35
 20:     0.021  0.072  0.090  0.726  0.091       57
 21:     0.005  0.120  0.122  0.561  0.192        8
 22:     0.050  0.084  0.055  0.762  0.049       54
 23:     0.010  0.005  0.017  0.914  0.054       75
 24:     0.009  0.048  0.058  0.833  0.052       50
 25:     0.012  0.002  0.024  0.883  0.078       42
 26:     0.022  0.015  0.029  0.910  0.023       42
 27:     0.231  0.081  0.537  0.138  0.013       27
 28:     0.223  0.085  0.499  0.160  0.033       27
 29:     0.101  0.033  0.726  0.094  0.046       56
 30:     0.172  0.030  0.729  0.063  0.005       58
 31:     0.093  0.017  0.786  0.097  0.007       41
 32:     0.021  0.018  0.921  0.034  0.005       26
 33:     0.029  0.003  0.708  0.161  0.098       51
 34:     0.145  0.053  0.744  0.057  0.001       31
 35:     0.064  0.019  0.852  0.059  0.006       52
 36:     0.077  0.012  0.847  0.060  0.004       43
 37:     0.020  0.043  0.897  0.008  0.032       23
 38:     0.057  0.042  0.833  0.062  0.006       42
 39:     0.010  0.001  0.807  0.138  0.045       41
 40:     0.066  0.019  0.826  0.069  0.021       33
 41:     0.071  0.041  0.811  0.063  0.014       26
 42:     0.053  0.017  0.792  0.134  0.004       35
 43:     0.085  0.004  0.871  0.039  0.001       22
 44:     0.097  0.149  0.598  0.108  0.048       52
 45:     0.183  0.027  0.651  0.103  0.036       41
 46:     0.711  0.095  0.149  0.044  0.002       46
 47:     0.906  0.019  0.066  0.008  0.001       38
 48:     0.887  0.040  0.057  0.016  0.001       58
 49:     0.887  0.046  0.049  0.015  0.003       55
 50:     0.897  0.048  0.019  0.019  0.017       61
 51:     0.720  0.135  0.100  0.035  0.011       35
 52:     0.795  0.170  0.027  0.008  0.000       23
 53:     0.202  0.665  0.055  0.062  0.015       52
 54:     0.671  0.229  0.021  0.078  0.000       22
 55:     0.682  0.278  0.004  0.035  0.001       35
 56:     0.696  0.294  0.008  0.001  0.000       14
 57:     0.302  0.624  0.040  0.034  0.001       42
 58:     0.321  0.551  0.051  0.076  0.001       39
 59:     0.044  0.873  0.058  0.012  0.012       56
 60:     0.054  0.891  0.018  0.028  0.009       49
 61:     0.062  0.935  0.001  0.002  0.000       27
 62:     0.039  0.952  0.005  0.001  0.003       41
 63:     0.036  0.962  0.000  0.001  0.000       33


  1:     0.023  0.946  0.000  0.030  0.000       21
  2:     0.011  0.707  0.000  0.279  0.003       36
  3:     0.048  0.773  0.026  0.118  0.035       66
  4:     0.050  0.703  0.062  0.144  0.040       52
  5:     0.035  0.692  0.105  0.161  0.007       71
  6:     0.014  0.888  0.000  0.097  0.001       46
  7:     0.002  0.835  0.013  0.148  0.002       58
  8:     0.018  0.825  0.028  0.103  0.025       58
  9:     0.041  0.806  0.001  0.139  0.013       33
 10:     0.001  0.901  0.012  0.053  0.032       27
 11:     0.076  0.809  0.046  0.067  0.002       25
 12:     0.010  0.870  0.038  0.075  0.007       31
 13:     0.007  0.876  0.000  0.116  0.002       52
 14:     0.015  0.893  0.000  0.089  0.002       57
 15:     0.018  0.779  0.006  0.196  0.001       42
 16:     0.039  0.825  0.001  0.113  0.022       42
 17:     0.011  0.844  0.006  0.135  0.005       25
 18:     0.079  0.194  0.000  0.724  0.002       38
 19:     0.122  0.126  0.109  0.586  0.057       35
 20:     0.090  0.091  0.072  0.726  0.021       57
 21:     0.122  0.191  0.120  0.562  0.005        8
 22:     0.055  0.049  0.084  0.762  0.050       54
 23:     0.017  0.054  0.005  0.914  0.010       75
 24:     0.058  0.052  0.048  0.834  0.009       50
 25:     0.024  0.078  0.002  0.883  0.012       42
 26:     0.029  0.023  0.015  0.910  0.022       42
 27:     0.537  0.013  0.082  0.138  0.231       27
 28:     0.499  0.033  0.085  0.159  0.223       27
 29:     0.727  0.046  0.033  0.094  0.101       56
 30:     0.728  0.005  0.030  0.063  0.173       58
 31:     0.787  0.007  0.017  0.097  0.093       41
 32:     0.921  0.005  0.019  0.034  0.021       26
 33:     0.708  0.098  0.003  0.161  0.029       51
 34:     0.744  0.001  0.053  0.057  0.145       31
 35:     0.852  0.006  0.019  0.059  0.064       52
 36:     0.846  0.004  0.012  0.060  0.078       43
 37:     0.897  0.032  0.043  0.008  0.020       23
 38:     0.834  0.006  0.042  0.062  0.057       42
 39:     0.807  0.045  0.001  0.137  0.010       41
 40:     0.827  0.021  0.018  0.068  0.066       33
 41:     0.811  0.014  0.041  0.063  0.071       26
 42:     0.792  0.004  0.017  0.134  0.053       35
 43:     0.870  0.001  0.004  0.039  0.085       22
 44:     0.598  0.048  0.149  0.108  0.097       52
 45:     0.651  0.036  0.027  0.102  0.184       41
 46:     0.149  0.002  0.095  0.044  0.711       46
 47:     0.066  0.001  0.019  0.008  0.906       38
 48:     0.057  0.001  0.039  0.015  0.888       58
 49:     0.049  0.003  0.046  0.015  0.887       55
 50:     0.019  0.017  0.048  0.019  0.897       61
 51:     0.099  0.011  0.135  0.034  0.721       35
 52:     0.027  0.000  0.170  0.008  0.796       23
 53:     0.055  0.015  0.665  0.062  0.202       52
 54:     0.021  0.000  0.229  0.078  0.672       22
 55:     0.004  0.001  0.278  0.035  0.682       35
 56:     0.008  0.000  0.294  0.001  0.697       14
 57:     0.040  0.001  0.624  0.034  0.302       42
 58:     0.051  0.001  0.551  0.077  0.321       39
 59:     0.058  0.012  0.873  0.012  0.044       56
 60:     0.018  0.009  0.891  0.029  0.054       49
 61:     0.001  0.000  0.935  0.002  0.062       27
 62:     0.005  0.003  0.952  0.001  0.039       41
 63:     0.000  0.000  0.963  0.001  0.036       33


  1:     0.952  0.001  0.000  0.006  0.041       21
  2:     0.764  0.007  0.000  0.105  0.124       36
  3:     0.677  0.034  0.030  0.085  0.174       66
  4:     0.561  0.040  0.072  0.108  0.219       52
  5:     0.575  0.036  0.078  0.115  0.195       71
  6:     0.712  0.015  0.001  0.044  0.229       46
  7:     0.902  0.002  0.006  0.032  0.058       58
  8:     0.151  0.017  0.032  0.052  0.749       58
  9:     0.119  0.034  0.002  0.083  0.762       33
 10:     0.175  0.001  0.026  0.027  0.770       27
 11:     0.042  0.031  0.017  0.042  0.868       25
 12:     0.073  0.005  0.031  0.028  0.863       31
 13:     0.131  0.004  0.001  0.077  0.787       52
 14:     0.137  0.007  0.000  0.036  0.820       57
 15:     0.106  0.007  0.001  0.084  0.802       42
 16:     0.120  0.019  0.014  0.071  0.776       42
 17:     0.334  0.008  0.006  0.056  0.595       25
 18:     0.113  0.059  0.001  0.640  0.187       38
 19:     0.069  0.119  0.138  0.554  0.120       35
 20:     0.111  0.084  0.068  0.674  0.064       57
 21:     0.043  0.125  0.105  0.546  0.180        8
 22:     0.032  0.055  0.099  0.770  0.044       54
 23:     0.043  0.009  0.011  0.875  0.061       75
 24:     0.076  0.048  0.049  0.786  0.041       50
 25:     0.108  0.020  0.005  0.811  0.056       42
 26:     0.072  0.025  0.029  0.860  0.015       42
 27:     0.004  0.634  0.194  0.143  0.025       27
 28:     0.031  0.559  0.176  0.184  0.051       27
 29:     0.053  0.693  0.092  0.131  0.031       56
 30:     0.002  0.787  0.118  0.081  0.012       58
 31:     0.006  0.802  0.057  0.126  0.009       41
 32:     0.005  0.942  0.009  0.037  0.007       26
 33:     0.100  0.684  0.009  0.151  0.057       51
 34:     0.003  0.799  0.124  0.072  0.002       31
 35:     0.008  0.833  0.061  0.082  0.017       52
 36:     0.005  0.864  0.041  0.079  0.011       43
 37:     0.027  0.883  0.036  0.027  0.027       23
 38:     0.003  0.845  0.068  0.075  0.009       42
 39:     0.006  0.685  0.005  0.246  0.057       41
 40:     0.018  0.834  0.039  0.086  0.023       33
 41:     0.008  0.844  0.046  0.069  0.034       26
 42:     0.007  0.791  0.035  0.150  0.016       35
 43:     0.005  0.936  0.012  0.046  0.000       22
 44:     0.020  0.641  0.150  0.118  0.071       52
 45:     0.024  0.759  0.076  0.119  0.022       41
 46:     0.011  0.395  0.540  0.053  0.001       46
 47:     0.002  0.220  0.717  0.060  0.002       38
 48:     0.014  0.193  0.731  0.061  0.001       58
 49:     0.015  0.350  0.561  0.070  0.003       55
 50:     0.004  0.131  0.802  0.047  0.017       61
 51:     0.016  0.273  0.635  0.063  0.013       35
 52:     0.000  0.102  0.858  0.040  0.000       23
 53:     0.007  0.057  0.853  0.066  0.017       52
 54:     0.000  0.068  0.850  0.077  0.004       22
 55:     0.001  0.036  0.919  0.044  0.001       35
 56:     0.001  0.122  0.869  0.008  0.000       14
 57:     0.001  0.046  0.915  0.036  0.001       42
 58:     0.003  0.042  0.857  0.097  0.001       39
 59:     0.012  0.075  0.853  0.017  0.043       56
 60:     0.021  0.025  0.914  0.035  0.005       49
 61:     0.001  0.004  0.989  0.006  0.001       27
 62:     0.012  0.004  0.974  0.001  0.009       41
 63:     0.000  0.001  0.994  0.004  0.000       33


  1:     0.023  0.000  0.946  0.000  0.030       21
  2:     0.011  0.000  0.707  0.003  0.279       36
  3:     0.048  0.026  0.773  0.035  0.118       66
  4:     0.050  0.062  0.704  0.040  0.144       52
  5:     0.035  0.105  0.692  0.007  0.162       71
  6:     0.014  0.000  0.888  0.001  0.096       46
  7:     0.002  0.013  0.834  0.002  0.148       58
  8:     0.018  0.028  0.825  0.025  0.103       58
  9:     0.041  0.001  0.806  0.013  0.139       33
 10:     0.001  0.012  0.902  0.032  0.053       27
 11:     0.076  0.046  0.809  0.002  0.066       25
 12:     0.011  0.038  0.870  0.007  0.075       31
 13:     0.007  0.000  0.876  0.002  0.116       52
 14:     0.015  0.000  0.893  0.002  0.089       57
 15:     0.017  0.006  0.779  0.002  0.196       42
 16:     0.039  0.001  0.825  0.022  0.113       42
 17:     0.011  0.006  0.845  0.005  0.134       25
 18:     0.079  0.000  0.195  0.002  0.724       38
 19:     0.122  0.109  0.127  0.057  0.586       35
 20:     0.090  0.072  0.091  0.021  0.726       57
 21:     0.122  0.120  0.192  0.005  0.561        8
 22:     0.055  0.084  0.049  0.050  0.762       54
 23:     0.017  0.005  0.054  0.010  0.914       75
 24:     0.058  0.048  0.052  0.009  0.834       50
 25:     0.024  0.002  0.078  0.012  0.883       42
 26:     0.029  0.015  0.023  0.022  0.910       42
 27:     0.537  0.081  0.013  0.231  0.138       27
 28:     0.499  0.085  0.033  0.223  0.160       27
 29:     0.727  0.032  0.046  0.101  0.094       56
 30:     0.728  0.030  0.005  0.173  0.063       58
 31:     0.786  0.017  0.007  0.093  0.097       41
 32:     0.921  0.018  0.005  0.021  0.034       26
 33:     0.708  0.003  0.098  0.029  0.162       51
 34:     0.744  0.052  0.001  0.145  0.057       31
 35:     0.852  0.019  0.006  0.064  0.059       52
 36:     0.846  0.012  0.004  0.077  0.060       43
 37:     0.897  0.043  0.032  0.020  0.008       23
 38:     0.834  0.042  0.006  0.057  0.062       42
 39:     0.807  0.001  0.045  0.010  0.138       41
 40:     0.826  0.019  0.021  0.066  0.068       33
 41:     0.810  0.041  0.014  0.072  0.063       26
 42:     0.792  0.017  0.004  0.053  0.134       35
 43:     0.870  0.004  0.001  0.086  0.039       22
 44:     0.598  0.148  0.048  0.097  0.108       52
 45:     0.650  0.027  0.036  0.184  0.103       41
 46:     0.149  0.095  0.002  0.711  0.044       46
 47:     0.066  0.019  0.001  0.906  0.008       38
 48:     0.057  0.039  0.001  0.887  0.016       58
 49:     0.049  0.046  0.003  0.887  0.015       55
 50:     0.019  0.048  0.017  0.897  0.019       61
 51:     0.099  0.134  0.011  0.721  0.035       35
 52:     0.027  0.170  0.000  0.796  0.008       23
 53:     0.055  0.665  0.015  0.202  0.062       52
 54:     0.021  0.229  0.000  0.672  0.078       22
 55:     0.004  0.278  0.001  0.682  0.035       35
 56:     0.008  0.293  0.000  0.697  0.001       14
 57:     0.040  0.623  0.001  0.302  0.034       42
 58:     0.051  0.550  0.001  0.322  0.077       39
 59:     0.058  0.873  0.012  0.044  0.012       56
 60:     0.018  0.891  0.009  0.054  0.028       49
 61:     0.001  0.935  0.000  0.062  0.002       27
 62:     0.005  0.952  0.003  0.039  0.001       41
 63:     0.000  0.963  0.000  0.036  0.001       33


  1:     0.000  0.000  0.048  0.000  0.952       21
  2:     0.000  0.000  0.028  0.000  0.972       36
  3:     0.030  0.030  0.076  0.030  0.833       66
  4:     0.115  0.019  0.058  0.000  0.808       52
  5:     0.113  0.042  0.028  0.014  0.803       71
  6:     0.000  0.000  0.022  0.000  0.978       46
  7:     0.017  0.017  0.000  0.000  0.966       58
  8:     0.000  0.034  0.034  0.017  0.914       58
  9:     0.030  0.000  0.030  0.061  0.879       33
 10:     0.037  0.000  0.000  0.037  0.926       27
 11:     0.120  0.000  0.080  0.000  0.800       25
 12:     0.065  0.000  0.000  0.000  0.935       31
 13:     0.000  0.000  0.000  0.000  1.000       52
 14:     0.000  0.000  0.000  0.000  1.000       57
 15:     0.024  0.024  0.024  0.000  0.929       42
 16:     0.000  0.000  0.048  0.024  0.929       42
 17:     0.040  0.000  0.000  0.000  0.960       25
 18:     0.000  0.000  0.184  0.026  0.789       38
 19:     0.229  0.057  0.114  0.114  0.486       35
 20:     0.158  0.088  0.193  0.018  0.544       57
 21:     0.000  0.125  0.250  0.000  0.625        8
 22:     0.167  0.037  0.204  0.111  0.481       54
 23:     0.093  0.040  0.080  0.027  0.760       75
 24:     0.140  0.100  0.100  0.020  0.640       50
 25:     0.048  0.000  0.119  0.048  0.786       42
 26:     0.452  0.000  0.167  0.024  0.357       42
 27:     0.074  0.111  0.556  0.222  0.037       27
 28:     0.111  0.074  0.630  0.111  0.074       27
 29:     0.107  0.036  0.804  0.036  0.018       56
 30:     0.017  0.052  0.759  0.172  0.000       58
 31:     0.049  0.000  0.854  0.073  0.024       41
 32:     0.077  0.000  0.885  0.038  0.000       26
 33:     0.039  0.000  0.765  0.020  0.176       51
 34:     0.032  0.000  0.871  0.097  0.000       31
 35:     0.077  0.000  0.865  0.058  0.000       52
 36:     0.000  0.023  0.907  0.070  0.000       43
 37:     0.043  0.043  0.913  0.000  0.000       23
 38:     0.095  0.000  0.833  0.071  0.000       42
 39:     0.024  0.000  0.951  0.000  0.024       41
 40:     0.030  0.000  0.909  0.061  0.000       33
 41:     0.000  0.077  0.923  0.000  0.000       26
 42:     0.000  0.029  0.886  0.057  0.029       35
 43:     0.000  0.000  0.909  0.091  0.000       22
 44:     0.058  0.212  0.538  0.096  0.096       52
 45:     0.171  0.024  0.585  0.195  0.024       41
 46:     0.087  0.087  0.087  0.739  0.000       46
 47:     0.079  0.000  0.000  0.921  0.000       38
 48:     0.069  0.000  0.052  0.879  0.000       58
 49:     0.036  0.018  0.018  0.927  0.000       55
 50:     0.000  0.049  0.000  0.918  0.033       61
 51:     0.114  0.114  0.086  0.686  0.000       35
 52:     0.043  0.174  0.000  0.783  0.000       23
 53:     0.635  0.192  0.058  0.077  0.038       52
 54:     0.182  0.227  0.000  0.591  0.000       22
 55:     0.200  0.200  0.000  0.600  0.000       35
 56:     0.143  0.286  0.000  0.571  0.000       14
 57:     0.381  0.310  0.071  0.238  0.000       42
 58:     0.462  0.385  0.000  0.154  0.000       39
 59:     0.250  0.679  0.018  0.036  0.018       56
 60:     0.265  0.714  0.000  0.000  0.020       49
 61:     0.111  0.815  0.000  0.074  0.000       27
 62:     0.146  0.829  0.000  0.024  0.000       41
 63:     0.091  0.879  0.000  0.030  0.000       33


  1:     0.000  0.000  0.952  0.048  0.000       21
  2:     0.000  0.000  0.972  0.028  0.000       36
  3:     0.045  0.015  0.818  0.076  0.045       66
  4:     0.038  0.019  0.846  0.058  0.038       52
  5:     0.014  0.070  0.817  0.028  0.070       71
  6:     0.000  0.000  0.978  0.022  0.000       46
  7:     0.000  0.034  0.948  0.000  0.017       58
  8:     0.000  0.052  0.897  0.052  0.000       58
  9:     0.091  0.000  0.879  0.000  0.030       33
 10:     0.000  0.000  1.000  0.000  0.000       27
 11:     0.040  0.000  0.840  0.000  0.120       25
 12:     0.065  0.000  0.935  0.000  0.000       31
 13:     0.000  0.000  1.000  0.000  0.000       52
 14:     0.000  0.000  1.000  0.000  0.000       57
 15:     0.024  0.000  0.952  0.000  0.024       42
 16:     0.024  0.000  0.905  0.000  0.071       42
 17:     0.000  0.000  0.960  0.000  0.040       25
 18:     0.000  0.000  0.763  0.053  0.184       38
 19:     0.543  0.057  0.286  0.086  0.029       35
 20:     0.175  0.018  0.544  0.193  0.070       57
 21:     0.000  0.125  0.625  0.125  0.125        8
 22:     0.222  0.056  0.426  0.259  0.037       54
 23:     0.053  0.053  0.733  0.093  0.067       75
 24:     0.080  0.060  0.560  0.220  0.080       50
 25:     0.071  0.000  0.810  0.119  0.000       42
 26:     0.238  0.024  0.333  0.333  0.071       42
 27:     0.148  0.111  0.037  0.111  0.593       27
 28:     0.037  0.111  0.074  0.185  0.593       27
 29:     0.107  0.018  0.036  0.161  0.679       56
 30:     0.086  0.086  0.000  0.397  0.431       58
 31:     0.000  0.049  0.024  0.195  0.732       41
 32:     0.000  0.000  0.000  0.808  0.192       26
 33:     0.039  0.000  0.157  0.373  0.431       51
 34:     0.129  0.065  0.000  0.226  0.581       31
 35:     0.058  0.038  0.019  0.442  0.442       52
 36:     0.047  0.000  0.000  0.326  0.628       43
 37:     0.000  0.043  0.043  0.217  0.696       23
 38:     0.000  0.048  0.000  0.357  0.595       42
 39:     0.024  0.000  0.024  0.000  0.951       41
 40:     0.000  0.000  0.000  0.333  0.667       33
 41:     0.077  0.000  0.038  0.692  0.192       26
 42:     0.000  0.000  0.029  0.543  0.429       35
 43:     0.000  0.000  0.000  0.773  0.227       22
 44:     0.038  0.038  0.077  0.577  0.269       52
 45:     0.049  0.000  0.024  0.829  0.098       41
 46:     0.587  0.065  0.000  0.304  0.043       46
 47:     0.368  0.368  0.000  0.211  0.053       38
 48:     0.431  0.379  0.000  0.138  0.052       58
 49:     0.182  0.345  0.000  0.436  0.036       55
 50:     0.410  0.410  0.016  0.131  0.033       61
 51:     0.429  0.257  0.000  0.229  0.086       35
 52:     0.261  0.565  0.000  0.174  0.000       23
 53:     0.577  0.288  0.038  0.019  0.077       52
 54:     0.545  0.364  0.000  0.091  0.000       22
 55:     0.514  0.457  0.000  0.029  0.000       35
 56:     0.286  0.571  0.000  0.071  0.071       14
 57:     0.381  0.548  0.000  0.024  0.048       42
 58:     0.359  0.564  0.026  0.026  0.026       39
 59:     0.214  0.661  0.018  0.071  0.036       56
 60:     0.327  0.633  0.020  0.020  0.000       49
 61:     0.074  0.926  0.000  0.000  0.000       27
 62:     0.098  0.902  0.000  0.000  0.000       41
 63:     0.152  0.848  0.000  0.000  0.000       33


  1:     0.000  0.000  0.000  0.952  0.048       21
  2:     0.028  0.000  0.000  0.917  0.056       36
  3:     0.076  0.015  0.015  0.773  0.121       66
  4:     0.096  0.038  0.038  0.808  0.019       52
  5:     0.028  0.028  0.113  0.803  0.028       71
  6:     0.022  0.022  0.000  0.957  0.000       46
  7:     0.000  0.017  0.000  0.983  0.000       58
  8:     0.017  0.034  0.034  0.914  0.000       58
  9:     0.091  0.061  0.000  0.848  0.000       33
 10:     0.037  0.000  0.000  0.963  0.000       27
 11:     0.000  0.080  0.040  0.800  0.080       25
 12:     0.000  0.032  0.032  0.935  0.000       31
 13:     0.058  0.000  0.000  0.942  0.000       52
 14:     0.000  0.000  0.000  0.982  0.018       57
 15:     0.024  0.000  0.000  0.952  0.024       42
 16:     0.024  0.000  0.000  0.952  0.024       42
 17:     0.000  0.040  0.000  0.960  0.000       25
 18:     0.026  0.079  0.000  0.763  0.132       38
 19:     0.486  0.057  0.114  0.229  0.114       35
 20:     0.298  0.035  0.070  0.456  0.140       57
 21:     0.125  0.000  0.125  0.500  0.250        8
 22:     0.352  0.000  0.074  0.352  0.222       54
 23:     0.333  0.000  0.000  0.613  0.053       75
 24:     0.360  0.000  0.040  0.500  0.100       50
 25:     0.238  0.000  0.000  0.714  0.048       42
 26:     0.595  0.024  0.024  0.286  0.071       42
 27:     0.111  0.667  0.074  0.037  0.111       27
 28:     0.148  0.556  0.074  0.074  0.148       27
 29:     0.161  0.643  0.036  0.036  0.125       56
 30:     0.086  0.690  0.052  0.000  0.172       58
 31:     0.073  0.415  0.000  0.049  0.463       41
 32:     0.038  0.500  0.000  0.000  0.462       26
 33:     0.078  0.333  0.000  0.137  0.451       51
 34:     0.097  0.161  0.065  0.000  0.677       31
 35:     0.192  0.135  0.019  0.019  0.635       52
 36:     0.000  0.209  0.000  0.000  0.791       43
 37:     0.043  0.174  0.000  0.043  0.739       23
 38:     0.048  0.143  0.048  0.000  0.762       42
 39:     0.024  0.000  0.000  0.000  0.976       41
 40:     0.121  0.485  0.000  0.000  0.394       33
 41:     0.077  0.269  0.038  0.000  0.615       26
 42:     0.229  0.286  0.000  0.029  0.457       35
 43:     0.227  0.227  0.000  0.000  0.545       22
 44:     0.231  0.346  0.077  0.058  0.288       52
 45:     0.268  0.244  0.024  0.024  0.439       41
 46:     0.587  0.304  0.065  0.000  0.043       46
 47:     0.421  0.342  0.237  0.000  0.000       38
 48:     0.362  0.259  0.328  0.000  0.052       58
 49:     0.691  0.200  0.091  0.000  0.018       55
 50:     0.508  0.180  0.295  0.016  0.000       61
 51:     0.514  0.257  0.171  0.000  0.057       35
 52:     0.522  0.087  0.391  0.000  0.000       23
 53:     0.038  0.154  0.731  0.058  0.019       52
 54:     0.273  0.091  0.636  0.000  0.000       22
 55:     0.314  0.029  0.657  0.000  0.000       35
 56:     0.500  0.000  0.500  0.000  0.000       14
 57:     0.095  0.214  0.690  0.000  0.000       42
 58:     0.179  0.103  0.718  0.000  0.000       39
 59:     0.000  0.107  0.875  0.018  0.000       56
 60:     0.020  0.041  0.939  0.000  0.000       49
 61:     0.000  0.000  0.963  0.000  0.037       27
 62:     0.000  0.000  1.000  0.000  0.000       41
 63:     0.000  0.000  1.000  0.000  0.000       33


  1:     0.000  0.952  0.000  0.048  0.000       21
  2:     0.000  0.944  0.000  0.000  0.056       36
  3:     0.030  0.848  0.015  0.030  0.076       66
  4:     0.038  0.808  0.058  0.058  0.038       52
  5:     0.000  0.817  0.113  0.042  0.028       71
  6:     0.000  0.957  0.000  0.022  0.022       46
  7:     0.000  0.966  0.017  0.017  0.000       58
  8:     0.017  0.914  0.017  0.000  0.052       58
  9:     0.000  0.939  0.000  0.061  0.000       33
 10:     0.037  0.963  0.000  0.000  0.000       27
 11:     0.000  0.840  0.040  0.040  0.080       25
 12:     0.000  0.935  0.032  0.032  0.000       31
 13:     0.000  0.962  0.000  0.000  0.038       52
 14:     0.000  0.982  0.000  0.000  0.018       57
 15:     0.000  0.952  0.000  0.024  0.024       42
 16:     0.024  0.881  0.000  0.071  0.024       42
 17:     0.000  1.000  0.000  0.000  0.000       25
 18:     0.000  0.737  0.000  0.158  0.105       38
 19:     0.057  0.400  0.086  0.171  0.286       35
 20:     0.018  0.509  0.070  0.158  0.246       57
 21:     0.000  0.500  0.125  0.000  0.375        8
 22:     0.111  0.389  0.074  0.111  0.315       54
 23:     0.040  0.693  0.000  0.053  0.213       75
 24:     0.040  0.560  0.100  0.080  0.220       50
 25:     0.048  0.714  0.000  0.071  0.167       42
 26:     0.048  0.476  0.000  0.381  0.095       42
 27:     0.111  0.000  0.037  0.704  0.148       27
 28:     0.111  0.074  0.074  0.519  0.222       27
 29:     0.036  0.000  0.000  0.679  0.286       56
 30:     0.103  0.000  0.017  0.707  0.172       58
 31:     0.049  0.024  0.000  0.780  0.146       41
 32:     0.000  0.000  0.000  0.962  0.038       26
 33:     0.000  0.157  0.000  0.451  0.392       51
 34:     0.032  0.000  0.032  0.129  0.806       31
 35:     0.019  0.000  0.000  0.308  0.673       52
 36:     0.000  0.000  0.000  0.442  0.558       43
 37:     0.043  0.000  0.043  0.304  0.609       23
 38:     0.024  0.000  0.024  0.286  0.667       42
 39:     0.000  0.024  0.000  0.098  0.878       41
 40:     0.030  0.000  0.000  0.121  0.848       33
 41:     0.038  0.038  0.038  0.462  0.423       26
 42:     0.029  0.029  0.000  0.229  0.714       35
 43:     0.000  0.000  0.000  0.409  0.591       22
 44:     0.038  0.058  0.077  0.096  0.731       52
 45:     0.049  0.024  0.000  0.049  0.878       41
 46:     0.630  0.000  0.087  0.109  0.174       46
 47:     0.895  0.000  0.026  0.053  0.026       38
 48:     0.914  0.000  0.017  0.000  0.069       58
 49:     0.909  0.000  0.018  0.036  0.036       55
 50:     0.918  0.033  0.000  0.016  0.033       61
 51:     0.800  0.000  0.086  0.057  0.057       35
 52:     0.783  0.000  0.174  0.000  0.043       23
 53:     0.212  0.019  0.596  0.173  0.000       52
 54:     0.636  0.000  0.227  0.000  0.136       22
 55:     0.657  0.000  0.314  0.000  0.029       35
 56:     0.714  0.000  0.214  0.000  0.071       14
 57:     0.238  0.000  0.667  0.024  0.071       42
 58:     0.308  0.000  0.487  0.051  0.154       39
 59:     0.018  0.018  0.893  0.036  0.036       56
 60:     0.041  0.000  0.918  0.020  0.020       49
 61:     0.074  0.000  0.926  0.000  0.000       27
 62:     0.024  0.000  0.976  0.000  0.000       41
 63:     0.030  0.000  0.970  0.000  0.000       33


  1:     0.000  0.048  0.000  0.000  0.952       21
  2:     0.000  0.000  0.000  0.167  0.833       36
  3:     0.045  0.076  0.015  0.076  0.788       66
  4:     0.058  0.038  0.058  0.096  0.750       52
  5:     0.014  0.028  0.113  0.113  0.732       71
  6:     0.000  0.000  0.000  0.043  0.957       46
  7:     0.000  0.000  0.034  0.103  0.862       58
  8:     0.034  0.017  0.034  0.034  0.879       58
  9:     0.000  0.030  0.000  0.152  0.818       33
 10:     0.037  0.000  0.000  0.037  0.926       27
 11:     0.000  0.040  0.040  0.000  0.920       25
 12:     0.000  0.000  0.065  0.032  0.903       31
 13:     0.000  0.000  0.000  0.096  0.904       52
 14:     0.000  0.000  0.000  0.053  0.947       57
 15:     0.000  0.024  0.000  0.071  0.905       42
 16:     0.024  0.024  0.000  0.048  0.905       42
 17:     0.000  0.000  0.000  0.000  1.000       25
 18:     0.000  0.079  0.000  0.737  0.184       38
 19:     0.057  0.086  0.114  0.571  0.171       35
 20:     0.018  0.088  0.088  0.737  0.070       57
 21:     0.000  0.125  0.125  0.500  0.250        8
 22:     0.056  0.037  0.093  0.778  0.037       54
 23:     0.013  0.013  0.000  0.907  0.067       75
 24:     0.000  0.060  0.060  0.840  0.040       50
 25:     0.000  0.024  0.000  0.881  0.095       42
 26:     0.000  0.000  0.000  1.000  0.000       42
 27:     0.222  0.519  0.111  0.148  0.000       27
 28:     0.148  0.704  0.074  0.037  0.037       27
 29:     0.089  0.768  0.054  0.036  0.054       56
 30:     0.172  0.793  0.000  0.034  0.000       58
 31:     0.073  0.805  0.024  0.098  0.000       41
 32:     0.038  0.885  0.038  0.038  0.000       26
 33:     0.020  0.765  0.000  0.118  0.098       51
 34:     0.194  0.742  0.032  0.032  0.000       31
 35:     0.058  0.885  0.019  0.038  0.000       52
 36:     0.070  0.884  0.000  0.047  0.000       43
 37:     0.000  0.913  0.043  0.000  0.043       23
 38:     0.048  0.833  0.048  0.071  0.000       42
 39:     0.000  0.854  0.000  0.122  0.024       41
 40:     0.030  0.939  0.000  0.030  0.000       33
 41:     0.000  0.923  0.038  0.038  0.000       26
 42:     0.029  0.800  0.029  0.143  0.000       35
 43:     0.045  0.955  0.000  0.000  0.000       22
 44:     0.077  0.615  0.154  0.096  0.058       52
 45:     0.098  0.756  0.049  0.073  0.024       41
 46:     0.804  0.109  0.087  0.000  0.000       46
 47:     0.921  0.053  0.026  0.000  0.000       38
 48:     0.948  0.052  0.000  0.000  0.000       58
 49:     0.945  0.018  0.036  0.000  0.000       55
 50:     0.918  0.016  0.033  0.000  0.033       61
 51:     0.800  0.057  0.114  0.029  0.000       35
 52:     0.870  0.000  0.130  0.000  0.000       23
 53:     0.269  0.038  0.615  0.038  0.038       52
 54:     0.682  0.000  0.227  0.091  0.000       22
 55:     0.629  0.000  0.314  0.057  0.000       35
 56:     0.714  0.000  0.286  0.000  0.000       14
 57:     0.310  0.048  0.619  0.024  0.000       42
 58:     0.308  0.026  0.590  0.077  0.000       39
 59:     0.036  0.018  0.929  0.000  0.018       56
 60:     0.061  0.000  0.918  0.020  0.000       49
 61:     0.074  0.000  0.926  0.000  0.000       27
 62:     0.024  0.000  0.976  0.000  0.000       41
 63:     0.030  0.000  0.970  0.000  0.000       33


  1:     0.000  0.000  0.000  1.000  0.000       21
  2:     0.028  0.000  0.000  0.972  0.000       36
  3:     0.061  0.015  0.015  0.879  0.030       66
  4:     0.058  0.096  0.058  0.750  0.038       52
  5:     0.042  0.070  0.014  0.803  0.070       71
  6:     0.022  0.000  0.000  0.978  0.000       46
  7:     0.000  0.034  0.000  0.966  0.000       58
  8:     0.017  0.034  0.017  0.914  0.017       58
  9:     0.030  0.000  0.030  0.939  0.000       33
 10:     0.000  0.037  0.037  0.926  0.000       27
 11:     0.040  0.160  0.000  0.800  0.000       25
 12:     0.000  0.000  0.000  0.935  0.065       31
 13:     0.000  0.000  0.000  1.000  0.000       52
 14:     0.000  0.000  0.000  1.000  0.000       57
 15:     0.024  0.024  0.000  0.952  0.000       42
 16:     0.048  0.000  0.024  0.929  0.000       42
 17:     0.000  0.040  0.000  0.960  0.000       25
 18:     0.211  0.000  0.000  0.789  0.000       38
 19:     0.143  0.429  0.029  0.343  0.057       35
 20:     0.228  0.193  0.018  0.526  0.035       57
 21:     0.250  0.125  0.000  0.500  0.125        8
 22:     0.241  0.167  0.093  0.426  0.074       54
 23:     0.147  0.120  0.040  0.693  0.000       75
 24:     0.180  0.240  0.020  0.540  0.020       50
 25:     0.095  0.071  0.024  0.810  0.000       42
 26:     0.286  0.143  0.024  0.524  0.024       42
 27:     0.519  0.074  0.296  0.037  0.074       27
 28:     0.407  0.111  0.296  0.074  0.111       27
 29:     0.821  0.036  0.071  0.036  0.036       56
 30:     0.724  0.034  0.224  0.000  0.017       58
 31:     0.829  0.049  0.073  0.049  0.000       41
 32:     0.885  0.038  0.038  0.038  0.000       26
 33:     0.784  0.020  0.020  0.176  0.000       51
 34:     0.742  0.032  0.161  0.000  0.065       31
 35:     0.865  0.058  0.077  0.000  0.000       52
 36:     0.860  0.093  0.047  0.000  0.000       43
 37:     0.913  0.043  0.000  0.000  0.043       23
 38:     0.810  0.119  0.048  0.000  0.024       42
 39:     0.976  0.000  0.000  0.024  0.000       41
 40:     0.879  0.091  0.030  0.000  0.000       33
 41:     0.769  0.115  0.115  0.000  0.000       26
 42:     0.829  0.086  0.057  0.029  0.000       35
 43:     0.955  0.000  0.045  0.000  0.000       22
 44:     0.442  0.404  0.058  0.077  0.019       52
 45:     0.634  0.098  0.195  0.073  0.000       41
 46:     0.043  0.457  0.435  0.000  0.065       46
 47:     0.000  0.053  0.895  0.000  0.053       38
 48:     0.034  0.034  0.845  0.000  0.086       58
 49:     0.018  0.036  0.909  0.000  0.036       55
 50:     0.016  0.033  0.869  0.016  0.066       61
 51:     0.086  0.114  0.657  0.000  0.143       35
 52:     0.000  0.087  0.783  0.000  0.130       23
 53:     0.038  0.154  0.115  0.038  0.654       52
 54:     0.045  0.091  0.545  0.000  0.318       22
 55:     0.000  0.171  0.514  0.000  0.314       35
 56:     0.000  0.000  0.500  0.000  0.500       14
 57:     0.024  0.262  0.262  0.000  0.452       42
 58:     0.000  0.333  0.205  0.000  0.462       39
 59:     0.000  0.768  0.018  0.000  0.214       56
 60:     0.000  0.898  0.000  0.000  0.102       49
 61:     0.000  0.148  0.037  0.000  0.815       27
 62:     0.000  0.122  0.000  0.000  0.878       41
 63:     0.000  0.606  0.030  0.000  0.364       33


