  1:     0.005  0.926  0.000  0.000  0.029  0.040       21
  2:     0.010  0.692  0.000  0.001  0.250  0.047       36
  3:     0.040  0.742  0.023  0.032  0.108  0.054       66
  4:     0.029  0.690  0.053  0.030  0.139  0.059       52
  5:     0.023  0.678  0.093  0.003  0.152  0.052       71
  6:     0.003  0.879  0.000  0.001  0.089  0.028       46
  7:     0.002  0.827  0.011  0.001  0.152  0.007       58
  8:     0.008  0.813  0.027  0.012  0.103  0.038       58
  9:     0.011  0.785  0.001  0.007  0.135  0.061       33
 10:     0.002  0.897  0.011  0.034  0.054  0.002       27
 11:     0.080  0.803  0.043  0.001  0.053  0.020       25
 12:     0.004  0.864  0.034  0.005  0.066  0.028       31
 13:     0.005  0.873  0.000  0.001  0.112  0.009       52
 14:     0.017  0.891  0.000  0.001  0.084  0.007       57
 15:     0.011  0.773  0.006  0.001  0.194  0.015       42
 16:     0.043  0.806  0.002  0.011  0.110  0.028       42
 17:     0.005  0.816  0.004  0.002  0.159  0.014       25
 18:     0.053  0.185  0.000  0.001  0.712  0.048       38
 19:     0.073  0.118  0.087  0.038  0.543  0.141       35
 20:     0.058  0.083  0.066  0.015  0.705  0.074       57
 21:     0.065  0.187  0.103  0.008  0.560  0.076        8
 22:     0.050  0.048  0.080  0.038  0.714  0.071       54
 23:     0.023  0.049  0.004  0.007  0.909  0.008       75
 24:     0.050  0.046  0.043  0.009  0.824  0.028       50
 25:     0.012  0.072  0.001  0.011  0.870  0.034       42
 26:     0.064  0.021  0.013  0.016  0.867  0.020       42
 27:     0.173  0.012  0.053  0.098  0.113  0.552       27
 28:     0.287  0.017  0.055  0.128  0.093  0.419       27
 29:     0.310  0.033  0.018  0.045  0.066  0.529       56
 30:     0.388  0.002  0.013  0.118  0.045  0.433       58
 31:     0.597  0.006  0.012  0.051  0.069  0.265       41
 32:     0.901  0.003  0.008  0.016  0.027  0.043       26
 33:     0.393  0.079  0.002  0.015  0.134  0.378       51
 34:     0.604  0.001  0.047  0.072  0.040  0.236       31
 35:     0.644  0.005  0.010  0.032  0.035  0.274       52
 36:     0.735  0.003  0.005  0.034  0.024  0.200       43
 37:     0.672  0.029  0.037  0.012  0.005  0.244       23
 38:     0.686  0.004  0.028  0.038  0.029  0.216       42
 39:     0.874  0.026  0.000  0.002  0.065  0.033       41
 40:     0.202  0.007  0.006  0.017  0.042  0.725       33
 41:     0.380  0.013  0.021  0.021  0.049  0.515       26
 42:     0.243  0.003  0.007  0.017  0.116  0.615       35
 43:     0.367  0.001  0.003  0.062  0.032  0.535       22
 44:     0.132  0.040  0.074  0.029  0.072  0.653       52
 45:     0.261  0.028  0.011  0.072  0.059  0.569       41
 46:     0.077  0.001  0.051  0.511  0.028  0.332       46
 47:     0.047  0.000  0.014  0.842  0.007  0.091       38
 48:     0.055  0.001  0.034  0.840  0.016  0.055       58
 49:     0.038  0.003  0.036  0.830  0.011  0.082       55
 50:     0.017  0.016  0.032  0.875  0.018  0.041       61
 51:     0.088  0.010  0.112  0.673  0.026  0.092       35
 52:     0.013  0.000  0.155  0.812  0.005  0.016       23
 53:     0.048  0.014  0.626  0.203  0.056  0.053       52
 54:     0.037  0.000  0.198  0.681  0.072  0.012       22
 55:     0.001  0.000  0.241  0.716  0.038  0.003       35
 56:     0.002  0.000  0.257  0.716  0.001  0.024       14
 57:     0.031  0.000  0.584  0.300  0.029  0.055       42
 58:     0.036  0.001  0.486  0.344  0.068  0.065       39
 59:     0.024  0.008  0.812  0.030  0.006  0.119       56
 60:     0.006  0.007  0.877  0.056  0.023  0.031       49
 61:     0.002  0.000  0.931  0.064  0.001  0.002       27
 62:     0.005  0.002  0.947  0.041  0.001  0.004       41
 63:     0.001  0.000  0.961  0.034  0.001  0.004       33
