  1:     0.968  0.031  0.000       21
  2:     0.956  0.044  0.001       36
  3:     0.860  0.095  0.045       66
  4:     0.825  0.093  0.082       52
  5:     0.836  0.067  0.098       71
  6:     0.971  0.028  0.001       46
  7:     0.978  0.009  0.013       58
  8:     0.921  0.036  0.042       58
  9:     0.927  0.064  0.009       33
 10:     0.975  0.003  0.023       27
 11:     0.862  0.102  0.036       25
 12:     0.934  0.018  0.048       31
 13:     0.982  0.017  0.002       52
 14:     0.969  0.029  0.002       57
 15:     0.959  0.033  0.008       42
 16:     0.925  0.055  0.020       42
 17:     0.962  0.024  0.014       25
 18:     0.780  0.216  0.004       38
 19:     0.535  0.255  0.210       35
 20:     0.652  0.250  0.098       57
 21:     0.641  0.235  0.124        8
 22:     0.518  0.315  0.166       54
 23:     0.803  0.142  0.054       75
 24:     0.702  0.171  0.127       50
 25:     0.814  0.154  0.032       42
 26:     0.634  0.280  0.086       42
 27:     0.050  0.726  0.224       27
 28:     0.092  0.719  0.189       27
 29:     0.062  0.833  0.105       56
 30:     0.014  0.841  0.144       58
 31:     0.040  0.896  0.064       41
 32:     0.019  0.965  0.016       26
 33:     0.190  0.794  0.016       51
 34:     0.010  0.859  0.131       31
 35:     0.018  0.915  0.067       52
 36:     0.008  0.944  0.049       43
 37:     0.045  0.906  0.049       23
 38:     0.015  0.909  0.076       42
 39:     0.060  0.933  0.007       41
 40:     0.034  0.911  0.055       33
 41:     0.039  0.910  0.051       26
 42:     0.051  0.900  0.049       35
 43:     0.017  0.967  0.017       22
 44:     0.088  0.742  0.170       52
 45:     0.074  0.837  0.090       41
 46:     0.020  0.392  0.588       46
 47:     0.006  0.222  0.771       38
 48:     0.009  0.190  0.801       58
 49:     0.014  0.352  0.634       55
 50:     0.027  0.139  0.834       61
 51:     0.031  0.264  0.705       35
 52:     0.000  0.125  0.875       23
 53:     0.050  0.075  0.875       52
 54:     0.015  0.093  0.891       22
 55:     0.005  0.035  0.960       35
 56:     0.001  0.118  0.881       14
 57:     0.010  0.049  0.941       42
 58:     0.036  0.066  0.898       39
 59:     0.027  0.082  0.890       56
 60:     0.034  0.033  0.933       49
 61:     0.001  0.004  0.995       27
 62:     0.011  0.007  0.983       41
 63:     0.000  0.001  0.999       33
