  1:     0.000  0.951  0.026  0.023       21
  2:     0.001  0.725  0.259  0.015       36
  3:     0.037  0.779  0.132  0.052       66
  4:     0.073  0.716  0.160  0.051       52
  5:     0.084  0.701  0.171  0.044       71
  6:     0.001  0.896  0.088  0.016       46
  7:     0.011  0.844  0.142  0.003       58
  8:     0.035  0.835  0.107  0.023       58
  9:     0.005  0.805  0.145  0.045       33
 10:     0.026  0.912  0.061  0.001       27
 11:     0.027  0.808  0.102  0.063       25
 12:     0.041  0.874  0.075  0.010       31
 13:     0.001  0.878  0.114  0.007       52
 14:     0.001  0.898  0.086  0.015       57
 15:     0.004  0.794  0.188  0.014       42
 16:     0.016  0.836  0.119  0.029       42
 17:     0.010  0.854  0.123  0.013       25
 18:     0.001  0.207  0.720  0.072       38
 19:     0.139  0.124  0.598  0.139       35
 20:     0.070  0.096  0.742  0.092       57
 21:     0.115  0.191  0.568  0.127        8
 22:     0.102  0.054  0.782  0.062       54
 23:     0.011  0.057  0.919  0.013       75
 24:     0.051  0.061  0.834  0.054       50
 25:     0.006  0.076  0.891  0.027       42
 26:     0.036  0.025  0.909  0.030       42
 27:     0.199  0.014  0.148  0.638       27
 28:     0.181  0.036  0.173  0.610       27
 29:     0.097  0.051  0.119  0.733       56
 30:     0.123  0.005  0.078  0.795       58
 31:     0.059  0.008  0.117  0.816       41
 32:     0.009  0.009  0.037  0.945       26
 33:     0.011  0.100  0.173  0.715       51
 34:     0.124  0.001  0.067  0.807       31
 35:     0.060  0.007  0.076  0.857       52
 36:     0.043  0.005  0.071  0.881       43
 37:     0.041  0.047  0.018  0.895       23
 38:     0.070  0.005  0.072  0.853       42
 39:     0.006  0.051  0.196  0.747       41
 40:     0.043  0.022  0.082  0.853       33
 41:     0.047  0.017  0.068  0.868       26
 42:     0.038  0.005  0.141  0.815       35
 43:     0.013  0.001  0.046  0.941       22
 44:     0.156  0.054  0.133  0.658       52
 45:     0.078  0.038  0.115  0.768       41
 46:     0.555  0.003  0.061  0.381       46
 47:     0.724  0.001  0.057  0.217       38
 48:     0.742  0.002  0.065  0.191       58
 49:     0.581  0.006  0.076  0.337       55
 50:     0.807  0.018  0.050  0.125       61
 51:     0.653  0.016  0.062  0.269       35
 52:     0.863  0.000  0.035  0.102       23
 53:     0.858  0.016  0.068  0.058       52
 54:     0.855  0.000  0.079  0.065       22
 55:     0.921  0.001  0.044  0.035       35
 56:     0.871  0.000  0.008  0.121       14
 57:     0.916  0.001  0.036  0.047       42
 58:     0.863  0.001  0.091  0.044       39
 59:     0.874  0.025  0.019  0.082       56
 60:     0.917  0.015  0.042  0.027       49
 61:     0.992  0.000  0.004  0.004       27
 62:     0.977  0.017  0.001  0.005       41
 63:     0.994  0.000  0.005  0.001       33
