  1:     0.000  0.000  1.000  0.000       21
  2:     0.000  0.028  0.972  0.000       36
  3:     0.061  0.045  0.864  0.030       66
  4:     0.058  0.077  0.808  0.058       52
  5:     0.014  0.014  0.845  0.127       71
  6:     0.022  0.000  0.978  0.000       46
  7:     0.000  0.000  0.966  0.034       58
  8:     0.017  0.034  0.914  0.034       58
  9:     0.030  0.091  0.879  0.000       33
 10:     0.000  0.037  0.926  0.037       27
 11:     0.120  0.000  0.840  0.040       25
 12:     0.000  0.000  0.935  0.065       31
 13:     0.000  0.000  1.000  0.000       52
 14:     0.000  0.000  1.000  0.000       57
 15:     0.024  0.000  0.976  0.000       42
 16:     0.048  0.024  0.929  0.000       42
 17:     0.000  0.000  0.960  0.040       25
 18:     0.184  0.026  0.789  0.000       38
 19:     0.086  0.257  0.486  0.171       35
 20:     0.140  0.158  0.632  0.070       57
 21:     0.125  0.000  0.750  0.125        8
 22:     0.148  0.241  0.519  0.093       54
 23:     0.080  0.093  0.827  0.000       75
 24:     0.100  0.040  0.740  0.120       50
 25:     0.071  0.095  0.833  0.000       42
 26:     0.214  0.310  0.429  0.048       42
 27:     0.704  0.148  0.037  0.111       27
 28:     0.444  0.370  0.074  0.111       27
 29:     0.821  0.071  0.018  0.089       56
 30:     0.828  0.155  0.000  0.017       58
 31:     0.829  0.122  0.024  0.024       41
 32:     0.962  0.038  0.000  0.000       26
 33:     0.765  0.059  0.176  0.000       51
 34:     0.742  0.194  0.000  0.065       31
 35:     0.865  0.077  0.019  0.038       52
 36:     0.884  0.093  0.000  0.023       43
 37:     0.913  0.000  0.043  0.043       23
 38:     0.905  0.048  0.000  0.048       42
 39:     0.927  0.024  0.049  0.000       41
 40:     0.848  0.061  0.030  0.061       33
 41:     0.885  0.038  0.038  0.038       26
 42:     0.857  0.057  0.029  0.057       35
 43:     0.864  0.136  0.000  0.000       22
 44:     0.615  0.154  0.077  0.154       52
 45:     0.561  0.390  0.024  0.024       41
 46:     0.130  0.761  0.000  0.109       46
 47:     0.000  1.000  0.000  0.000       38
 48:     0.052  0.879  0.000  0.069       58
 49:     0.018  0.927  0.000  0.055       55
 50:     0.000  0.869  0.016  0.115       61
 51:     0.086  0.743  0.000  0.171       35
 52:     0.043  0.783  0.000  0.174       23
 53:     0.058  0.096  0.058  0.788       52
 54:     0.000  0.727  0.000  0.273       22
 55:     0.000  0.543  0.000  0.457       35
 56:     0.000  0.714  0.000  0.286       14
 57:     0.048  0.262  0.000  0.690       42
 58:     0.026  0.231  0.026  0.718       39
 59:     0.036  0.018  0.018  0.929       56
 60:     0.000  0.082  0.020  0.898       49
 61:     0.000  0.074  0.000  0.926       27
 62:     0.000  0.000  0.000  1.000       41
 63:     0.000  0.030  0.000  0.970       33
