1 4_1 (0) 1 :  0.938 0.000 0.000 0.015 0.047
2 6_2 (0) 1 :  0.992 0.000 0.000 0.000 0.008
3 10_3 (0) 1 :  0.981 0.000 0.000 0.003 0.016
4 11_4 (0) 1 :  1.000 0.000 0.000 0.000 0.000
5 12_5 (0) 1 :  1.000 0.000 0.000 0.000 0.000
6 13_6 (0) 1 :  0.996 0.000 0.000 0.001 0.003
7 18_7 (6) 1 :  0.678 0.002 0.000 0.064 0.257
8 19_8 (0) 1 :  0.749 0.000 0.000 0.034 0.217
9 20_9 (0) 1 :  1.000 0.000 0.000 0.000 0.000
10 21_10 (0) 1 :  0.997 0.001 0.000 0.001 0.001
11 22_11 (6) 1 :  0.999 0.000 0.000 0.001 0.000
12 24_12 (20) 1 :  0.993 0.002 0.000 0.003 0.001
13 26_13 (0) 1 :  0.991 0.008 0.000 0.001 0.000
14 31_14 (0) 1 :  1.000 0.000 0.000 0.000 0.000
15 33_15 (6) 1 :  0.696 0.000 0.000 0.008 0.296
16 34_16 (6) 1 :  0.999 0.000 0.000 0.000 0.000
17 37_17 (0) 1 :  0.995 0.000 0.000 0.000 0.005
18 38_18 (0) 1 :  1.000 0.000 0.000 0.000 0.000
19 39_19 (0) 1 :  1.000 0.000 0.000 0.000 0.000
20 46_20 (0) 1 :  0.995 0.000 0.000 0.005 0.000
21 48_21 (6) 1 :  0.998 0.000 0.000 0.000 0.002
22 1_22 (13) 2 :  0.311 0.000 0.000 0.000 0.689
23 2_23 (6) 2 :  0.956 0.000 0.000 0.002 0.042
24 3_24 (0) 2 :  0.747 0.000 0.000 0.118 0.135
25 4_25 (0) 2 :  0.963 0.000 0.000 0.001 0.036
26 6_26 (0) 2 :  0.732 0.008 0.000 0.259 0.001
27 7_27 (6) 2 :  0.469 0.062 0.002 0.433 0.033
28 8_28 (26) 2 :  0.983 0.000 0.000 0.011 0.006
29 9_29 (26) 2 :  0.986 0.000 0.000 0.014 0.000
30 10_30 (0) 2 :  0.682 0.001 0.000 0.222 0.095
31 11_31 (26) 2 :  0.656 0.107 0.000 0.236 0.000
32 12_32 (0) 2 :  0.979 0.000 0.000 0.020 0.001
33 13_33 (0) 2 :  1.000 0.000 0.000 0.000 0.000
34 14_34 (13) 2 :  0.759 0.003 0.001 0.162 0.075
35 16_35 (13) 2 :  0.996 0.000 0.000 0.001 0.003
36 17_36 (6) 2 :  0.615 0.009 0.000 0.356 0.019
37 18_37 (13) 2 :  0.681 0.001 0.000 0.256 0.061
38 19_38 (13) 2 :  0.941 0.000 0.000 0.012 0.047
39 21_39 (6) 2 :  0.011 0.053 0.000 0.159 0.777
40 22_40 (0) 2 :  0.891 0.000 0.000 0.084 0.026
41 24_41 (0) 2 :  0.088 0.000 0.000 0.048 0.864
42 25_42 (6) 2 :  0.989 0.000 0.000 0.000 0.011
43 26_43 (20) 2 :  0.629 0.004 0.000 0.151 0.216
44 27_44 (0) 2 :  0.996 0.000 0.000 0.001 0.002
45 28_45 (0) 2 :  0.992 0.000 0.000 0.000 0.008
46 30_46 (0) 2 :  0.991 0.000 0.000 0.004 0.005
47 31_47 (0) 2 :  0.968 0.000 0.000 0.003 0.029
48 32_48 (13) 2 :  0.533 0.000 0.011 0.427 0.028
49 33_49 (0) 2 :  0.962 0.000 0.000 0.004 0.035
50 36_50 (6) 2 :  0.746 0.001 0.000 0.003 0.251
51 37_51 (0) 2 :  0.512 0.000 0.000 0.478 0.010
52 38_52 (0) 2 :  0.912 0.000 0.001 0.064 0.023
53 39_53 (13) 2 :  0.805 0.004 0.000 0.168 0.023
54 41_54 (0) 2 :  0.997 0.000 0.000 0.003 0.000
55 45_55 (0) 2 :  0.130 0.004 0.000 0.039 0.827
56 46_56 (0) 2 :  0.990 0.000 0.000 0.001 0.009
57 47_57 (6) 2 :  0.894 0.000 0.000 0.021 0.085
58 1_58 (6) 3 :  0.706 0.000 0.000 0.000 0.294
59 2_59 (13) 3 :  0.746 0.236 0.003 0.008 0.007
60 3_60 (13) 3 :  0.143 0.000 0.000 0.155 0.703
61 5_61 (6) 3 :  0.950 0.000 0.000 0.001 0.049
62 7_62 (13) 3 :  0.840 0.001 0.000 0.017 0.142
63 9_63 (13) 3 :  0.716 0.004 0.000 0.271 0.010
64 10_64 (13) 3 :  0.999 0.000 0.000 0.000 0.001
65 11_65 (46) 3 :  0.741 0.001 0.000 0.011 0.247
66 14_66 (80) 3 :  0.707 0.057 0.000 0.140 0.095
67 15_67 (6) 3 :  0.890 0.000 0.000 0.004 0.106
68 16_68 (20) 3 :  0.860 0.000 0.000 0.038 0.103
69 17_69 (73) 3 :  0.238 0.045 0.093 0.499 0.125
70 18_70 (20) 3 :  0.920 0.000 0.000 0.010 0.070
71 20_71 (20) 3 :  0.623 0.006 0.000 0.087 0.284
72 21_72 (13) 3 :  0.213 0.000 0.000 0.000 0.787
73 22_73 (6) 3 :  0.998 0.001 0.000 0.000 0.000
74 23_74 (6) 3 :  0.999 0.000 0.000 0.001 0.000
75 24_75 (13) 3 :  0.999 0.000 0.000 0.000 0.001
76 25_76 (26) 3 :  0.279 0.003 0.000 0.196 0.521
77 26_77 (53) 3 :  0.009 0.198 0.000 0.791 0.002
78 27_78 (26) 3 :  0.971 0.000 0.000 0.009 0.020
79 28_79 (20) 3 :  0.540 0.027 0.002 0.358 0.072
80 29_80 (13) 3 :  0.711 0.000 0.000 0.003 0.286
81 30_81 (13) 3 :  0.999 0.000 0.000 0.000 0.000
82 31_82 (6) 3 :  0.998 0.000 0.000 0.000 0.002
83 32_83 (20) 3 :  0.965 0.000 0.000 0.000 0.035
84 33_84 (26) 3 :  0.690 0.012 0.000 0.264 0.033
85 34_85 (46) 3 :  0.578 0.041 0.008 0.341 0.033
86 36_86 (73) 3 :  0.565 0.031 0.363 0.032 0.009
87 38_87 (26) 3 :  0.997 0.000 0.000 0.001 0.001
88 39_88 (60) 3 :  0.032 0.031 0.001 0.933 0.003
89 40_89 (33) 3 :  0.182 0.000 0.000 0.001 0.817
90 41_90 (73) 3 :  0.715 0.001 0.000 0.003 0.280
91 42_91 (6) 3 :  0.946 0.003 0.003 0.022 0.025
92 43_92 (13) 3 :  0.904 0.000 0.000 0.003 0.093
93 44_93 (33) 3 :  0.173 0.165 0.025 0.176 0.461
94 46_94 (86) 3 :  0.072 0.060 0.747 0.040 0.081
95 47_95 (26) 3 :  0.009 0.429 0.486 0.052 0.024
96 48_96 (33) 3 :  0.770 0.000 0.000 0.001 0.229
97 50_97 (6) 3 :  0.966 0.000 0.000 0.029 0.005
98 52_98 (0) 3 :  0.996 0.000 0.000 0.000 0.004
99 54_99 (26) 3 :  0.517 0.307 0.029 0.054 0.093
100 55_100 (13) 3 :  0.949 0.000 0.000 0.000 0.051
101 56_101 (0) 3 :  0.992 0.000 0.000 0.001 0.007
102 57_102 (13) 3 :  0.107 0.000 0.000 0.002 0.891
103 58_103 (6) 3 :  0.992 0.007 0.000 0.001 0.001
104 59_104 (6) 3 :  0.738 0.000 0.000 0.000 0.262
105 60_105 (0) 3 :  0.765 0.000 0.000 0.002 0.233
106 63_106 (0) 3 :  0.580 0.000 0.000 0.001 0.419
107 64_107 (0) 3 :  0.164 0.000 0.000 0.000 0.836
108 65_108 (0) 3 :  1.000 0.000 0.000 0.000 0.000
109 66_109 (6) 3 :  0.410 0.001 0.000 0.000 0.589
110 67_110 (6) 3 :  0.969 0.000 0.000 0.008 0.022
111 69_111 (0) 3 :  0.698 0.000 0.000 0.021 0.280
112 73_112 (20) 3 :  0.400 0.001 0.000 0.030 0.569
113 76_113 (6) 3 :  0.989 0.000 0.000 0.000 0.011
114 78_114 (20) 3 :  0.933 0.000 0.000 0.000 0.067
115 80_115 (6) 3 :  0.786 0.105 0.000 0.005 0.105
116 81_116 (0) 3 :  1.000 0.000 0.000 0.000 0.000
117 82_117 (93) 3 :  0.172 0.267 0.144 0.140 0.276
118 83_118 (6) 3 :  0.999 0.000 0.000 0.000 0.001
119 84_119 (6) 3 :  0.982 0.002 0.000 0.002 0.013
120 85_120 (26) 3 :  0.777 0.000 0.000 0.001 0.222
121 86_121 (6) 3 :  0.781 0.070 0.000 0.050 0.099
122 87_122 (0) 3 :  0.550 0.062 0.000 0.067 0.322
123 88_123 (6) 3 :  0.091 0.062 0.066 0.748 0.033
124 1_124 (33) 4 :  0.028 0.011 0.025 0.068 0.869
125 3_125 (0) 4 :  0.001 0.070 0.903 0.018 0.008
126 5_126 (6) 4 :  0.398 0.001 0.000 0.010 0.591
127 8_127 (13) 4 :  0.000 0.003 0.001 0.995 0.001
128 9_128 (13) 4 :  0.889 0.001 0.000 0.004 0.106
129 10_129 (13) 4 :  0.008 0.061 0.020 0.910 0.001
130 11_130 (6) 4 :  0.998 0.000 0.000 0.000 0.002
131 12_131 (0) 4 :  0.018 0.001 0.022 0.291 0.667
132 13_132 (6) 4 :  0.751 0.000 0.000 0.002 0.247
133 15_133 (13) 4 :  0.733 0.000 0.000 0.067 0.200
134 16_134 (6) 4 :  0.986 0.000 0.000 0.000 0.014
135 18_135 (0) 4 :  0.879 0.000 0.000 0.000 0.120
136 19_136 (6) 4 :  0.005 0.733 0.000 0.018 0.243
137 20_137 (0) 4 :  0.228 0.000 0.000 0.001 0.771
138 21_138 (0) 4 :  0.993 0.000 0.000 0.006 0.001
139 22_139 (0) 4 :  0.893 0.001 0.000 0.000 0.105
140 23_140 (0) 4 :  0.997 0.000 0.000 0.000 0.002
141 24_141 (6) 4 :  0.002 0.045 0.005 0.020 0.927
142 25_142 (6) 4 :  0.610 0.000 0.000 0.000 0.390
143 26_143 (0) 4 :  0.982 0.002 0.000 0.014 0.001
144 27_144 (0) 4 :  0.553 0.000 0.000 0.032 0.416
145 28_145 (0) 4 :  0.088 0.001 0.002 0.490 0.419
146 29_146 (0) 4 :  0.012 0.007 0.934 0.035 0.011
147 30_147 (0) 4 :  0.142 0.000 0.000 0.005 0.853
148 31_148 (0) 4 :  0.956 0.000 0.000 0.000 0.043
149 32_149 (0) 4 :  0.559 0.000 0.000 0.015 0.426
150 33_150 (0) 4 :  0.002 0.000 0.000 0.906 0.092
151 34_151 (6) 4 :  0.089 0.000 0.000 0.004 0.907
152 35_152 (6) 4 :  0.000 0.001 0.992 0.007 0.000
153 36_153 (0) 4 :  0.062 0.590 0.201 0.140 0.008
154 37_154 (0) 4 :  0.988 0.000 0.000 0.003 0.009
155 38_155 (6) 4 :  0.986 0.000 0.000 0.000 0.013
156 39_156 (0) 4 :  0.989 0.000 0.000 0.006 0.004
157 41_157 (6) 4 :  0.533 0.001 0.000 0.023 0.442
158 42_158 (0) 4 :  0.297 0.000 0.395 0.245 0.063
159 44_159 (6) 4 :  0.979 0.001 0.000 0.010 0.010
160 46_160 (6) 4 :  0.021 0.000 0.000 0.001 0.978
161 47_161 (0) 4 :  0.513 0.000 0.001 0.111 0.375
162 50_162 (6) 4 :  0.995 0.002 0.000 0.002 0.000
163 51_163 (0) 4 :  0.925 0.000 0.000 0.000 0.075
164 53_164 (0) 4 :  0.375 0.514 0.005 0.002 0.104
165 54_165 (0) 4 :  0.984 0.000 0.000 0.001 0.015
166 55_166 (6) 4 :  0.994 0.000 0.000 0.000 0.006
167 56_167 (0) 4 :  0.378 0.011 0.248 0.211 0.152
168 57_168 (0) 4 :  1.000 0.000 0.000 0.000 0.000
169 58_169 (0) 4 :  0.983 0.000 0.000 0.000 0.017
170 59_170 (0) 4 :  0.965 0.000 0.000 0.005 0.029
171 60_171 (0) 4 :  0.989 0.000 0.000 0.000 0.010
172 61_172 (0) 4 :  0.995 0.000 0.000 0.004 0.001
173 62_173 (0) 4 :  0.420 0.000 0.000 0.044 0.535
174 63_174 (0) 4 :  0.001 0.000 0.002 0.884 0.113
175 64_175 (0) 4 :  0.997 0.000 0.000 0.001 0.002
176 1_176 (0) 5 :  0.998 0.000 0.000 0.000 0.002
177 2_177 (0) 5 :  0.503 0.022 0.003 0.446 0.026
178 4_178 (6) 5 :  0.498 0.007 0.000 0.467 0.028
179 5_179 (13) 5 :  0.561 0.000 0.000 0.001 0.438
180 8_180 (0) 5 :  0.981 0.000 0.000 0.018 0.001
181 9_181 (0) 5 :  0.238 0.068 0.043 0.030 0.621
182 11_182 (0) 5 :  0.806 0.066 0.006 0.041 0.082
183 13_183 (0) 5 :  0.994 0.000 0.000 0.001 0.005
184 15_184 (0) 5 :  0.871 0.000 0.000 0.025 0.104
185 17_185 (0) 5 :  0.457 0.000 0.000 0.000 0.543
186 18_186 (0) 5 :  0.993 0.000 0.000 0.000 0.007
187 19_187 (0) 5 :  0.988 0.000 0.000 0.000 0.012
188 20_188 (0) 5 :  0.054 0.371 0.078 0.497 0.000
189 21_189 (0) 5 :  0.009 0.529 0.398 0.017 0.047
190 22_190 (6) 5 :  0.000 0.153 0.687 0.158 0.002
191 23_191 (0) 5 :  0.394 0.000 0.000 0.008 0.597
192 25_192 (0) 5 :  0.011 0.616 0.001 0.033 0.339
193 26_193 (0) 5 :  0.962 0.000 0.000 0.003 0.035
194 29_194 (13) 5 :  0.643 0.001 0.000 0.003 0.353
195 30_195 (0) 5 :  0.025 0.000 0.000 0.935 0.040
196 31_196 (0) 5 :  0.640 0.000 0.000 0.004 0.356
197 32_197 (0) 5 :  0.024 0.000 0.000 0.733 0.243
198 33_198 (6) 5 :  0.390 0.000 0.000 0.003 0.606
199 34_199 (0) 5 :  0.082 0.001 0.006 0.908 0.003
200 35_200 (0) 5 :  0.999 0.000 0.000 0.000 0.001
201 36_201 (0) 5 :  0.982 0.001 0.000 0.003 0.014
202 38_202 (0) 5 :  0.203 0.000 0.000 0.000 0.797
203 39_203 (13) 5 :  0.762 0.000 0.001 0.057 0.180
204 40_204 (0) 5 :  0.537 0.000 0.000 0.302 0.160
205 41_205 (6) 5 :  0.399 0.037 0.135 0.038 0.391
206 42_206 (0) 5 :  0.805 0.000 0.000 0.181 0.015
207 43_207 (6) 5 :  0.998 0.000 0.000 0.002 0.001
208 44_208 (6) 5 :  0.644 0.013 0.016 0.199 0.128
209 46_209 (0) 5 :  0.147 0.001 0.000 0.044 0.808
210 47_210 (0) 5 :  0.918 0.000 0.000 0.000 0.082
211 49_211 (6) 5 :  0.973 0.001 0.000 0.024 0.002
212 50_212 (6) 5 :  0.097 0.000 0.000 0.033 0.870
213 51_213 (6) 5 :  0.792 0.000 0.003 0.036 0.169
214 53_214 (0) 5 :  0.001 0.000 0.978 0.021 0.000
215 54_215 (0) 5 :  0.987 0.000 0.000 0.000 0.013
216 55_216 (0) 5 :  0.346 0.003 0.000 0.524 0.127
217 56_217 (0) 5 :  0.170 0.000 0.000 0.004 0.826
218 57_218 (6) 5 :  0.977 0.000 0.000 0.015 0.008
219 58_219 (0) 5 :  0.984 0.000 0.000 0.000 0.016
220 59_220 (6) 5 :  0.911 0.000 0.000 0.006 0.084
221 60_221 (0) 5 :  0.043 0.000 0.048 0.494 0.414
222 61_222 (0) 5 :  0.325 0.000 0.669 0.003 0.002
223 62_223 (6) 5 :  0.134 0.007 0.000 0.208 0.651
224 63_224 (6) 5 :  0.996 0.000 0.000 0.000 0.004
225 65_225 (0) 5 :  0.068 0.026 0.773 0.002 0.132
226 66_226 (0) 5 :  0.749 0.000 0.000 0.001 0.250
227 67_227 (13) 5 :  0.309 0.020 0.000 0.212 0.459
228 68_228 (0) 5 :  0.416 0.002 0.001 0.224 0.358
229 71_229 (13) 5 :  0.949 0.000 0.000 0.004 0.047
230 72_230 (0) 5 :  0.991 0.001 0.000 0.001 0.007
231 73_231 (6) 5 :  0.886 0.009 0.000 0.065 0.040
232 74_232 (13) 5 :  0.012 0.172 0.083 0.726 0.007
233 75_233 (0) 5 :  0.038 0.008 0.687 0.111 0.156
234 76_234 (6) 5 :  0.008 0.000 0.001 0.002 0.989
235 77_235 (0) 5 :  0.755 0.000 0.000 0.070 0.175
236 79_236 (0) 5 :  0.075 0.000 0.896 0.026 0.003
237 80_237 (0) 5 :  0.995 0.000 0.000 0.004 0.001
238 81_238 (13) 5 :  0.497 0.000 0.000 0.001 0.502
239 82_239 (0) 5 :  0.135 0.441 0.028 0.138 0.258
240 83_240 (13) 5 :  0.940 0.001 0.000 0.047 0.012
241 86_241 (0) 5 :  0.994 0.000 0.000 0.002 0.004
242 87_242 (20) 5 :  0.978 0.000 0.000 0.000 0.022
243 88_243 (13) 5 :  0.838 0.000 0.000 0.017 0.145
244 89_244 (13) 5 :  1.000 0.000 0.000 0.000 0.000
245 90_245 (20) 5 :  0.923 0.000 0.000 0.016 0.061
246 92_246 (0) 5 :  0.997 0.000 0.000 0.002 0.001
247 1_247 (20) 6 :  0.041 0.012 0.000 0.004 0.942
248 2_248 (13) 6 :  0.984 0.000 0.000 0.007 0.009
249 3_249 (20) 6 :  0.023 0.446 0.008 0.520 0.003
250 4_250 (0) 6 :  0.997 0.000 0.000 0.000 0.003
251 5_251 (20) 6 :  0.205 0.000 0.000 0.000 0.795
252 6_252 (6) 6 :  0.225 0.000 0.000 0.003 0.772
253 7_253 (26) 6 :  0.902 0.000 0.000 0.037 0.061
254 9_254 (0) 6 :  0.991 0.000 0.000 0.000 0.009
255 10_255 (0) 6 :  0.995 0.001 0.000 0.004 0.001
256 11_256 (6) 6 :  0.997 0.000 0.000 0.000 0.003
257 12_257 (13) 6 :  0.685 0.000 0.000 0.000 0.315
258 13_258 (6) 6 :  0.926 0.000 0.000 0.059 0.015
259 14_259 (0) 6 :  0.389 0.000 0.000 0.003 0.608
260 16_260 (13) 6 :  0.998 0.000 0.000 0.002 0.000
261 17_261 (20) 6 :  0.977 0.000 0.000 0.001 0.022
262 18_262 (20) 6 :  0.072 0.000 0.000 0.000 0.927
263 19_263 (20) 6 :  0.981 0.000 0.000 0.002 0.017
264 20_264 (33) 6 :  0.930 0.000 0.001 0.001 0.068
265 21_265 (20) 6 :  0.966 0.001 0.000 0.000 0.033
266 22_266 (20) 6 :  0.703 0.001 0.000 0.198 0.098
267 23_267 (40) 6 :  0.999 0.000 0.000 0.000 0.001
268 24_268 (33) 6 :  0.836 0.000 0.002 0.129 0.033
269 25_269 (13) 6 :  0.891 0.000 0.000 0.012 0.096
270 26_270 (13) 6 :  0.158 0.000 0.000 0.000 0.842
271 27_271 (26) 6 :  0.921 0.000 0.000 0.001 0.078
272 28_272 (13) 6 :  0.993 0.000 0.000 0.000 0.007
273 29_273 (6) 6 :  0.563 0.000 0.000 0.000 0.437
274 30_274 (13) 6 :  0.708 0.003 0.001 0.174 0.115
275 31_275 (13) 6 :  0.925 0.000 0.000 0.000 0.075
276 32_276 (13) 6 :  0.274 0.000 0.000 0.013 0.714
277 33_277 (20) 6 :  0.346 0.176 0.013 0.272 0.192
278 34_278 (0) 6 :  0.430 0.000 0.000 0.003 0.567
279 35_279 (6) 6 :  0.999 0.000 0.000 0.000 0.001
280 36_280 (6) 6 :  0.793 0.000 0.000 0.152 0.055
281 37_281 (6) 6 :  0.972 0.000 0.000 0.002 0.026
282 38_282 (6) 6 :  0.982 0.000 0.000 0.004 0.014
283 39_283 (0) 6 :  0.804 0.001 0.000 0.170 0.025
284 40_284 (13) 6 :  0.983 0.000 0.000 0.000 0.017
285 41_285 (0) 6 :  0.998 0.000 0.000 0.000 0.001
286 42_286 (40) 6 :  0.945 0.000 0.000 0.001 0.054
287 43_287 (6) 6 :  0.609 0.000 0.000 0.000 0.391
288 44_288 (33) 6 :  0.037 0.000 0.000 0.000 0.963
289 45_289 (6) 6 :  0.045 0.015 0.000 0.085 0.854
290 46_290 (20) 6 :  0.682 0.000 0.000 0.080 0.238
291 47_291 (13) 6 :  0.870 0.035 0.002 0.061 0.033
292 48_292 (40) 6 :  0.999 0.000 0.000 0.000 0.001
293 1_293 (20) 7 :  0.814 0.011 0.000 0.017 0.158
294 2_294 (6) 7 :  0.985 0.000 0.000 0.000 0.015
295 3_295 (6) 7 :  0.996 0.000 0.000 0.002 0.002
296 4_296 (6) 7 :  0.929 0.000 0.000 0.001 0.071
297 6_297 (0) 7 :  0.900 0.000 0.000 0.007 0.093
298 7_298 (6) 7 :  0.999 0.000 0.000 0.000 0.001
299 8_299 (20) 7 :  0.974 0.000 0.000 0.025 0.000
300 9_300 (26) 7 :  0.889 0.000 0.000 0.002 0.109
301 10_301 (13) 7 :  0.515 0.000 0.002 0.007 0.475
302 11_302 (0) 7 :  0.665 0.000 0.000 0.314 0.020
303 13_303 (6) 7 :  0.956 0.000 0.000 0.000 0.044
304 14_304 (6) 7 :  0.998 0.000 0.000 0.000 0.001
305 15_305 (6) 7 :  0.909 0.000 0.000 0.074 0.016
306 16_306 (6) 7 :  0.944 0.000 0.000 0.027 0.028
307 17_307 (6) 7 :  0.928 0.015 0.000 0.039 0.019
308 18_308 (13) 7 :  0.973 0.000 0.000 0.002 0.025
309 19_309 (0) 7 :  0.834 0.001 0.098 0.033 0.034
310 20_310 (6) 7 :  0.996 0.000 0.000 0.000 0.004
311 21_311 (0) 7 :  0.997 0.000 0.000 0.001 0.002
312 22_312 (6) 7 :  0.990 0.000 0.000 0.000 0.010
313 23_313 (13) 7 :  0.723 0.003 0.002 0.093 0.178
314 24_314 (6) 7 :  1.000 0.000 0.000 0.000 0.000
315 25_315 (13) 7 :  0.996 0.000 0.000 0.001 0.004
316 26_316 (0) 7 :  0.312 0.012 0.000 0.675 0.001
317 27_317 (0) 7 :  0.957 0.000 0.000 0.003 0.040
318 28_318 (0) 7 :  0.988 0.000 0.000 0.012 0.000
319 29_319 (0) 7 :  0.985 0.000 0.000 0.006 0.009
320 30_320 (0) 7 :  0.935 0.000 0.000 0.012 0.053
321 31_321 (6) 7 :  0.831 0.000 0.000 0.008 0.161
322 32_322 (0) 7 :  0.995 0.000 0.000 0.002 0.003
323 33_323 (6) 7 :  0.807 0.003 0.000 0.047 0.143
324 34_324 (0) 7 :  0.990 0.000 0.000 0.007 0.003
325 35_325 (0) 7 :  0.900 0.000 0.000 0.001 0.099
326 37_326 (6) 7 :  0.646 0.000 0.000 0.000 0.354
327 38_327 (6) 7 :  0.940 0.000 0.000 0.010 0.050
328 39_328 (0) 7 :  0.914 0.000 0.001 0.085 0.000
329 40_329 (26) 7 :  0.992 0.000 0.000 0.000 0.008
330 41_330 (0) 7 :  0.997 0.000 0.000 0.000 0.003
331 42_331 (0) 7 :  0.913 0.027 0.000 0.003 0.057
332 43_332 (0) 7 :  0.994 0.000 0.000 0.000 0.006
333 44_333 (0) 7 :  0.975 0.001 0.000 0.017 0.006
334 45_334 (0) 7 :  0.975 0.000 0.000 0.001 0.024
335 46_335 (6) 7 :  1.000 0.000 0.000 0.000 0.000
336 47_336 (6) 7 :  0.645 0.000 0.000 0.026 0.329
337 49_337 (6) 7 :  0.995 0.000 0.000 0.001 0.004
338 50_338 (13) 7 :  0.984 0.000 0.000 0.000 0.016
339 51_339 (20) 7 :  0.967 0.001 0.000 0.024 0.008
340 52_340 (6) 7 :  0.999 0.000 0.000 0.000 0.001
341 53_341 (0) 7 :  0.997 0.000 0.000 0.000 0.002
342 54_342 (0) 7 :  0.925 0.000 0.000 0.052 0.022
343 55_343 (6) 7 :  0.927 0.000 0.000 0.024 0.048
344 56_344 (0) 7 :  0.986 0.000 0.000 0.012 0.002
345 57_345 (33) 7 :  0.654 0.017 0.001 0.028 0.300
346 58_346 (0) 7 :  0.846 0.000 0.000 0.083 0.070
347 59_347 (0) 7 :  0.991 0.000 0.000 0.007 0.002
348 61_348 (0) 7 :  0.807 0.000 0.000 0.004 0.190
349 62_349 (0) 7 :  0.952 0.000 0.000 0.048 0.000
350 64_350 (6) 7 :  0.657 0.001 0.257 0.023 0.063
351 1_351 (6) 8 :  0.055 0.000 0.000 0.001 0.944
352 2_352 (0) 8 :  0.015 0.003 0.000 0.007 0.976
353 3_353 (0) 8 :  0.187 0.000 0.000 0.025 0.788
354 4_354 (13) 8 :  0.005 0.000 0.000 0.000 0.994
355 5_355 (0) 8 :  0.003 0.000 0.000 0.000 0.997
356 6_356 (6) 8 :  0.007 0.000 0.000 0.004 0.990
357 7_357 (0) 8 :  0.885 0.000 0.000 0.037 0.077
358 8_358 (13) 8 :  0.005 0.671 0.071 0.191 0.062
359 9_359 (6) 8 :  0.010 0.001 0.823 0.161 0.005
360 10_360 (0) 8 :  0.207 0.000 0.000 0.691 0.102
361 11_361 (6) 8 :  0.219 0.000 0.000 0.000 0.781
362 12_362 (0) 8 :  0.008 0.000 0.000 0.005 0.987
363 13_363 (0) 8 :  0.046 0.000 0.000 0.001 0.953
364 14_364 (0) 8 :  0.003 0.010 0.006 0.133 0.849
365 15_365 (0) 8 :  0.000 0.000 0.000 0.006 0.993
366 17_366 (33) 8 :  0.011 0.003 0.000 0.010 0.976
367 18_367 (0) 8 :  0.011 0.000 0.000 0.000 0.989
368 19_368 (0) 8 :  0.860 0.000 0.000 0.001 0.139
369 23_369 (0) 8 :  0.014 0.000 0.000 0.184 0.802
370 24_370 (0) 8 :  0.000 0.000 0.000 0.002 0.998
371 25_371 (0) 8 :  0.001 0.000 0.000 0.001 0.998
372 26_372 (6) 8 :  0.275 0.000 0.000 0.000 0.725
373 27_373 (6) 8 :  0.019 0.049 0.000 0.012 0.920
374 28_374 (0) 8 :  0.007 0.000 0.000 0.006 0.988
375 29_375 (0) 8 :  0.991 0.000 0.000 0.005 0.004
376 30_376 (6) 8 :  0.273 0.000 0.011 0.031 0.684
377 31_377 (0) 8 :  0.974 0.000 0.000 0.018 0.008
378 32_378 (0) 8 :  0.001 0.000 0.000 0.000 0.999
379 33_379 (6) 8 :  0.101 0.000 0.000 0.000 0.899
380 34_380 (13) 8 :  0.016 0.006 0.001 0.016 0.961
381 35_381 (0) 8 :  0.988 0.000 0.000 0.007 0.005
382 36_382 (0) 8 :  0.000 0.000 0.000 0.001 0.999
383 39_383 (0) 8 :  0.014 0.000 0.000 0.000 0.985
384 40_384 (0) 8 :  0.104 0.000 0.000 0.000 0.896
385 41_385 (0) 8 :  0.000 0.000 0.000 0.003 0.997
386 44_386 (53) 8 :  0.002 0.020 0.727 0.153 0.098
387 45_387 (20) 8 :  0.008 0.000 0.000 0.013 0.979
388 46_388 (40) 8 :  0.054 0.000 0.000 0.009 0.936
389 47_389 (6) 8 :  0.002 0.000 0.000 0.048 0.949
390 48_390 (13) 8 :  0.268 0.000 0.000 0.005 0.727
391 49_391 (13) 8 :  0.488 0.000 0.007 0.106 0.399
392 50_392 (6) 8 :  0.023 0.000 0.000 0.000 0.977
393 51_393 (13) 8 :  0.011 0.000 0.000 0.000 0.989
394 52_394 (0) 8 :  0.023 0.000 0.000 0.000 0.976
395 53_395 (20) 8 :  0.024 0.000 0.000 0.005 0.971
396 54_396 (20) 8 :  0.007 0.061 0.183 0.025 0.724
397 55_397 (46) 8 :  0.858 0.007 0.000 0.014 0.121
398 56_398 (13) 8 :  0.034 0.000 0.000 0.000 0.966
399 57_399 (6) 8 :  0.006 0.001 0.000 0.751 0.242
400 62_400 (26) 8 :  0.011 0.053 0.015 0.003 0.918
401 64_401 (33) 8 :  0.568 0.102 0.000 0.249 0.080
402 65_402 (0) 8 :  0.007 0.000 0.000 0.000 0.993
403 67_403 (0) 8 :  0.000 0.000 0.000 0.000 1.000
404 68_404 (0) 8 :  0.005 0.000 0.000 0.000 0.994
405 69_405 (0) 8 :  0.016 0.000 0.000 0.001 0.983
406 70_406 (0) 8 :  0.000 0.000 0.000 0.002 0.998
407 71_407 (6) 8 :  0.001 0.000 0.000 0.059 0.940
408 72_408 (0) 8 :  0.000 0.000 0.000 0.009 0.991
409 2_409 (6) 9 :  0.021 0.000 0.000 0.000 0.978
410 3_410 (33) 9 :  0.046 0.127 0.021 0.613 0.193
411 4_411 (6) 9 :  0.283 0.000 0.005 0.105 0.607
412 5_412 (6) 9 :  0.010 0.000 0.000 0.000 0.990
413 6_413 (6) 9 :  0.785 0.000 0.000 0.018 0.197
414 7_414 (53) 9 :  0.375 0.022 0.002 0.134 0.468
415 10_415 (6) 9 :  0.036 0.000 0.000 0.004 0.960
416 11_416 (6) 9 :  0.002 0.000 0.000 0.006 0.992
417 13_417 (6) 9 :  0.136 0.002 0.000 0.035 0.826
418 16_418 (6) 9 :  0.001 0.001 0.006 0.006 0.986
419 17_419 (6) 9 :  0.167 0.000 0.001 0.079 0.753
420 19_420 (46) 9 :  0.208 0.030 0.006 0.224 0.533
421 25_421 (6) 9 :  0.002 0.872 0.005 0.001 0.119
422 27_422 (6) 9 :  0.002 0.000 0.000 0.004 0.994
423 28_423 (0) 9 :  0.002 0.001 0.001 0.449 0.547
424 30_424 (0) 9 :  0.184 0.000 0.000 0.059 0.756
425 34_425 (0) 9 :  0.182 0.000 0.000 0.003 0.815
426 37_426 (13) 9 :  0.161 0.000 0.000 0.005 0.833
427 38_427 (6) 9 :  0.038 0.000 0.000 0.009 0.953
428 40_428 (46) 9 :  0.080 0.014 0.001 0.072 0.834
429 42_429 (20) 9 :  0.008 0.000 0.000 0.001 0.991
430 43_430 (6) 9 :  0.344 0.000 0.000 0.002 0.654
431 45_431 (6) 9 :  0.013 0.000 0.000 0.002 0.985
432 46_432 (20) 9 :  0.003 0.003 0.001 0.009 0.984
433 47_433 (6) 9 :  0.033 0.002 0.000 0.092 0.872
434 48_434 (26) 9 :  0.057 0.000 0.000 0.033 0.911
435 53_435 (6) 9 :  0.001 0.054 0.012 0.002 0.930
436 55_436 (6) 9 :  0.275 0.001 0.001 0.190 0.534
437 56_437 (20) 9 :  0.184 0.000 0.000 0.010 0.806
438 57_438 (13) 9 :  0.001 0.000 0.000 0.000 0.999
439 60_439 (0) 9 :  0.017 0.000 0.000 0.002 0.982
440 62_440 (26) 9 :  0.271 0.004 0.002 0.492 0.231
441 63_441 (13) 9 :  0.007 0.001 0.000 0.068 0.925
442 2_442 (6) 10 :  0.006 0.000 0.000 0.000 0.994
443 3_443 (6) 10 :  0.002 0.000 0.000 0.002 0.996
444 5_444 (0) 10 :  0.174 0.000 0.000 0.003 0.823
445 7_445 (6) 10 :  0.007 0.000 0.000 0.002 0.991
446 8_446 (33) 10 :  0.023 0.001 0.000 0.006 0.971
447 9_447 (0) 10 :  0.058 0.000 0.000 0.000 0.942
448 11_448 (6) 10 :  0.021 0.005 0.001 0.013 0.960
449 13_449 (20) 10 :  0.002 0.000 0.000 0.000 0.997
450 15_450 (6) 10 :  0.002 0.000 0.000 0.011 0.987
451 18_451 (6) 10 :  0.632 0.001 0.000 0.015 0.352
452 19_452 (0) 10 :  0.344 0.000 0.000 0.170 0.485
453 20_453 (6) 10 :  0.001 0.000 0.000 0.000 0.999
454 23_454 (6) 10 :  0.029 0.000 0.000 0.001 0.970
455 25_455 (0) 10 :  0.001 0.000 0.000 0.001 0.998
456 30_456 (6) 10 :  0.089 0.014 0.659 0.154 0.084
457 34_457 (26) 10 :  0.261 0.000 0.003 0.007 0.729
458 37_458 (0) 10 :  0.035 0.000 0.000 0.006 0.959
459 38_459 (26) 10 :  0.005 0.000 0.000 0.016 0.979
460 42_460 (20) 10 :  0.858 0.000 0.000 0.000 0.142
461 43_461 (0) 10 :  0.021 0.002 0.000 0.104 0.873
462 46_462 (13) 10 :  0.001 0.000 0.000 0.000 0.999
463 48_463 (13) 10 :  0.001 0.000 0.000 0.000 0.999
464 49_464 (0) 10 :  0.019 0.000 0.000 0.001 0.979
465 50_465 (6) 10 :  0.127 0.000 0.000 0.000 0.873
466 54_466 (0) 10 :  0.962 0.000 0.000 0.000 0.037
467 55_467 (40) 10 :  0.212 0.001 0.045 0.212 0.530
468 56_468 (6) 10 :  0.841 0.000 0.000 0.006 0.153
469 1_469 (0) 11 :  0.011 0.000 0.000 0.006 0.983
470 2_470 (0) 11 :  0.001 0.001 0.001 0.009 0.988
471 3_471 (0) 11 :  0.000 0.000 0.000 0.000 1.000
472 4_472 (0) 11 :  0.063 0.001 0.002 0.126 0.807
473 5_473 (0) 11 :  0.005 0.027 0.003 0.055 0.909
474 7_474 (0) 11 :  0.000 0.507 0.019 0.474 0.001
475 8_475 (0) 11 :  0.100 0.002 0.000 0.021 0.877
476 10_476 (6) 11 :  0.002 0.000 0.000 0.000 0.998
477 11_477 (0) 11 :  0.035 0.188 0.013 0.016 0.748
478 14_478 (0) 11 :  0.004 0.000 0.000 0.000 0.995
479 15_479 (0) 11 :  0.002 0.000 0.000 0.000 0.998
480 19_480 (0) 11 :  0.009 0.000 0.000 0.004 0.987
481 21_481 (0) 11 :  0.000 0.028 0.001 0.013 0.958
482 23_482 (0) 11 :  0.025 0.000 0.000 0.003 0.972
483 24_483 (6) 11 :  0.001 0.013 0.377 0.230 0.378
484 26_484 (0) 11 :  0.159 0.001 0.000 0.017 0.823
485 27_485 (0) 11 :  0.005 0.001 0.000 0.049 0.945
486 32_486 (0) 11 :  0.002 0.000 0.000 0.002 0.995
487 34_487 (0) 11 :  0.037 0.000 0.000 0.000 0.963
488 37_488 (0) 11 :  0.017 0.000 0.000 0.000 0.983
489 38_489 (0) 11 :  0.062 0.008 0.000 0.005 0.924
490 39_490 (0) 11 :  0.256 0.006 0.000 0.017 0.722
491 40_491 (0) 11 :  0.001 0.000 0.000 0.000 0.999
492 43_492 (6) 11 :  0.075 0.000 0.000 0.000 0.925
493 47_493 (0) 11 :  0.182 0.000 0.000 0.000 0.818
494 1_494 (6) 12 :  0.080 0.000 0.000 0.000 0.920
495 2_495 (6) 12 :  0.215 0.000 0.000 0.013 0.773
496 3_496 (0) 12 :  0.237 0.013 0.000 0.009 0.740
497 4_497 (13) 12 :  0.099 0.000 0.000 0.013 0.887
498 7_498 (0) 12 :  0.000 0.000 0.000 0.000 1.000
499 8_499 (13) 12 :  0.037 0.000 0.000 0.000 0.963
500 9_500 (20) 12 :  0.208 0.000 0.000 0.004 0.788
501 10_501 (13) 12 :  0.006 0.000 0.000 0.000 0.994
502 11_502 (6) 12 :  0.118 0.012 0.789 0.066 0.015
503 12_503 (6) 12 :  0.001 0.006 0.034 0.142 0.818
504 15_504 (13) 12 :  0.029 0.000 0.000 0.000 0.971
505 17_505 (6) 12 :  0.021 0.000 0.000 0.001 0.978
506 18_506 (6) 12 :  0.001 0.000 0.000 0.000 0.999
507 19_507 (6) 12 :  0.005 0.000 0.000 0.000 0.995
508 20_508 (13) 12 :  0.066 0.000 0.000 0.165 0.770
509 21_509 (6) 12 :  0.000 0.000 0.000 0.000 1.000
510 25_510 (6) 12 :  0.002 0.000 0.000 0.183 0.815
511 26_511 (0) 12 :  0.024 0.000 0.000 0.005 0.970
512 28_512 (6) 12 :  0.011 0.000 0.000 0.000 0.989
513 31_513 (13) 12 :  0.018 0.031 0.001 0.064 0.885
514 32_514 (13) 12 :  0.001 0.000 0.000 0.000 0.999
515 33_515 (13) 12 :  0.047 0.000 0.000 0.000 0.953
516 36_516 (6) 12 :  0.086 0.000 0.000 0.000 0.913
517 41_517 (6) 12 :  0.010 0.000 0.000 0.000 0.990
518 43_518 (6) 12 :  0.015 0.001 0.000 0.000 0.984
519 44_519 (33) 12 :  0.096 0.000 0.000 0.003 0.901
520 50_520 (0) 12 :  0.357 0.000 0.000 0.001 0.642
521 52_521 (60) 12 :  0.421 0.001 0.000 0.010 0.568
522 53_522 (20) 12 :  0.019 0.101 0.135 0.174 0.571
523 55_523 (26) 12 :  0.025 0.000 0.000 0.005 0.971
524 56_524 (6) 12 :  0.005 0.000 0.000 0.000 0.995
525 1_525 (0) 13 :  0.725 0.000 0.000 0.000 0.274
526 3_526 (6) 13 :  0.000 0.000 0.000 0.002 0.998
527 5_527 (6) 13 :  0.018 0.002 0.000 0.015 0.964
528 8_528 (13) 13 :  0.003 0.000 0.000 0.000 0.997
529 9_529 (6) 13 :  0.072 0.002 0.002 0.862 0.062
530 10_530 (6) 13 :  0.779 0.000 0.000 0.000 0.221
531 13_531 (6) 13 :  0.009 0.000 0.000 0.003 0.989
532 14_532 (0) 13 :  0.129 0.007 0.000 0.385 0.479
533 16_533 (6) 13 :  0.001 0.000 0.000 0.000 0.999
534 21_534 (0) 13 :  0.016 0.000 0.000 0.000 0.984
535 23_535 (6) 13 :  0.184 0.000 0.000 0.001 0.814
536 26_536 (0) 13 :  0.034 0.037 0.004 0.441 0.484
537 27_537 (0) 13 :  0.024 0.000 0.000 0.000 0.976
538 29_538 (13) 13 :  0.007 0.000 0.000 0.001 0.992
539 32_539 (0) 13 :  0.011 0.000 0.000 0.000 0.989
540 37_540 (0) 13 :  0.111 0.000 0.000 0.001 0.888
541 38_541 (0) 13 :  0.034 0.000 0.000 0.000 0.966
542 41_542 (6) 13 :  0.005 0.000 0.000 0.002 0.993
543 42_543 (0) 13 :  0.198 0.034 0.000 0.381 0.387
544 43_544 (0) 13 :  0.095 0.000 0.000 0.000 0.904
545 44_545 (0) 13 :  0.023 0.001 0.003 0.825 0.148
546 45_546 (0) 13 :  0.004 0.000 0.000 0.000 0.996
547 46_547 (0) 13 :  0.078 0.000 0.000 0.013 0.909
548 47_548 (0) 13 :  0.095 0.000 0.000 0.005 0.900
549 48_549 (0) 13 :  0.000 0.000 0.000 0.000 1.000
550 49_550 (6) 13 :  0.001 0.000 0.000 0.000 0.998
551 50_551 (0) 13 :  0.000 0.000 0.000 0.024 0.976
552 53_552 (6) 13 :  0.006 0.000 0.000 0.002 0.992
553 56_553 (6) 13 :  0.021 0.067 0.002 0.015 0.895
554 57_554 (0) 13 :  0.003 0.037 0.004 0.043 0.913
555 58_555 (0) 13 :  0.060 0.000 0.000 0.000 0.940
556 59_556 (0) 13 :  0.478 0.000 0.000 0.000 0.522
557 60_557 (6) 13 :  0.538 0.001 0.000 0.011 0.451
558 61_558 (0) 13 :  0.057 0.000 0.000 0.000 0.942
559 63_559 (6) 13 :  0.025 0.001 0.000 0.019 0.955
560 65_560 (6) 13 :  0.031 0.000 0.000 0.002 0.967
561 69_561 (0) 13 :  0.003 0.000 0.000 0.000 0.997
562 70_562 (6) 13 :  0.030 0.015 0.024 0.509 0.421
563 72_563 (0) 13 :  0.806 0.002 0.000 0.002 0.190
564 74_564 (0) 13 :  0.088 0.000 0.000 0.000 0.912
565 75_565 (6) 13 :  0.007 0.000 0.000 0.000 0.993
566 76_566 (6) 13 :  0.029 0.000 0.000 0.003 0.969
567 79_567 (0) 13 :  0.006 0.000 0.000 0.022 0.972
568 80_568 (6) 13 :  0.003 0.000 0.000 0.001 0.996
569 82_569 (0) 13 :  0.026 0.000 0.000 0.000 0.974
570 83_570 (0) 13 :  0.007 0.000 0.000 0.016 0.977
571 85_571 (6) 13 :  0.030 0.000 0.000 0.381 0.590
572 86_572 (0) 13 :  0.003 0.000 0.000 0.001 0.996
573 88_573 (6) 13 :  0.024 0.002 0.000 0.002 0.972
574 90_574 (0) 13 :  0.802 0.000 0.000 0.003 0.194
575 91_575 (0) 13 :  0.645 0.000 0.000 0.000 0.354
576 95_576 (0) 13 :  0.452 0.000 0.000 0.004 0.544
577 1_577 (0) 14 :  0.018 0.000 0.000 0.002 0.981
578 2_578 (6) 14 :  0.001 0.000 0.000 0.000 0.999
579 3_579 (0) 14 :  0.000 0.000 0.000 0.000 1.000
580 5_580 (0) 14 :  0.011 0.004 0.000 0.301 0.684
581 6_581 (0) 14 :  0.278 0.002 0.000 0.001 0.719
582 7_582 (0) 14 :  0.132 0.000 0.000 0.002 0.866
583 8_583 (13) 14 :  0.744 0.011 0.000 0.173 0.072
584 9_584 (6) 14 :  0.002 0.000 0.000 0.000 0.998
585 10_585 (0) 14 :  0.040 0.104 0.000 0.006 0.850
586 11_586 (13) 14 :  0.024 0.000 0.000 0.000 0.976
587 12_587 (0) 14 :  0.007 0.000 0.000 0.001 0.992
588 13_588 (0) 14 :  0.030 0.000 0.000 0.000 0.970
589 14_589 (0) 14 :  0.002 0.000 0.000 0.000 0.998
590 15_590 (0) 14 :  0.052 0.013 0.000 0.051 0.883
591 16_591 (6) 14 :  0.076 0.000 0.000 0.000 0.924
592 17_592 (0) 14 :  0.007 0.000 0.000 0.001 0.992
593 18_593 (13) 14 :  0.059 0.000 0.000 0.001 0.940
594 19_594 (0) 14 :  0.097 0.000 0.000 0.009 0.894
595 20_595 (6) 14 :  0.822 0.000 0.000 0.003 0.174
596 21_596 (20) 14 :  0.717 0.121 0.000 0.151 0.011
597 22_597 (0) 14 :  0.006 0.000 0.000 0.000 0.994
598 24_598 (0) 14 :  0.033 0.001 0.000 0.000 0.965
599 25_599 (6) 14 :  0.497 0.000 0.000 0.002 0.500
600 26_600 (0) 14 :  0.019 0.000 0.000 0.004 0.977
601 28_601 (13) 14 :  0.156 0.000 0.001 0.010 0.833
602 29_602 (0) 14 :  0.002 0.000 0.000 0.000 0.998
603 30_603 (0) 14 :  0.010 0.007 0.003 0.000 0.979
604 31_604 (20) 14 :  0.053 0.000 0.000 0.003 0.943
605 32_605 (0) 14 :  0.333 0.000 0.000 0.000 0.667
606 33_606 (6) 14 :  0.002 0.000 0.000 0.000 0.998
607 34_607 (0) 14 :  0.084 0.001 0.000 0.002 0.913
608 35_608 (6) 14 :  0.002 0.000 0.000 0.004 0.994
609 36_609 (20) 14 :  0.001 0.006 0.006 0.008 0.980
610 37_610 (6) 14 :  0.074 0.000 0.000 0.000 0.926
611 38_611 (6) 14 :  0.427 0.046 0.000 0.148 0.378
612 41_612 (0) 14 :  0.001 0.000 0.000 0.000 0.999
613 42_613 (0) 14 :  0.005 0.000 0.000 0.000 0.995
614 43_614 (0) 14 :  0.086 0.000 0.000 0.000 0.914
615 44_615 (0) 14 :  0.186 0.000 0.000 0.003 0.812
616 45_616 (6) 14 :  0.003 0.000 0.000 0.000 0.997
617 46_617 (6) 14 :  0.342 0.050 0.000 0.403 0.205
618 48_618 (6) 14 :  0.003 0.000 0.000 0.000 0.997
619 49_619 (0) 14 :  0.002 0.000 0.000 0.000 0.998
620 50_620 (13) 14 :  0.001 0.000 0.000 0.000 0.999
621 51_621 (6) 14 :  0.009 0.000 0.000 0.001 0.990
622 52_622 (13) 14 :  0.029 0.000 0.000 0.000 0.970
623 53_623 (6) 14 :  0.003 0.000 0.000 0.005 0.992
624 54_624 (13) 14 :  0.089 0.003 0.000 0.004 0.904
625 55_625 (13) 14 :  0.468 0.000 0.000 0.029 0.503
626 56_626 (13) 14 :  0.010 0.000 0.000 0.000 0.990
627 58_627 (13) 14 :  0.915 0.000 0.000 0.000 0.085
628 59_628 (13) 14 :  0.004 0.026 0.000 0.151 0.819
629 60_629 (13) 14 :  0.000 0.005 0.000 0.009 0.986
630 61_630 (13) 14 :  0.014 0.002 0.000 0.445 0.540
631 62_631 (6) 14 :  0.026 0.000 0.000 0.007 0.968
632 63_632 (26) 14 :  0.764 0.010 0.000 0.128 0.098
633 64_633 (13) 14 :  0.003 0.000 0.000 0.002 0.995
634 1_634 (13) 15 :  0.019 0.000 0.000 0.450 0.530
635 3_635 (6) 15 :  0.008 0.000 0.000 0.006 0.987
636 4_636 (0) 15 :  0.007 0.000 0.000 0.002 0.991
637 5_637 (0) 15 :  0.719 0.006 0.000 0.082 0.193
638 6_638 (6) 15 :  0.009 0.000 0.000 0.001 0.991
639 8_639 (6) 15 :  0.001 0.000 0.000 0.000 0.999
640 10_640 (6) 15 :  0.146 0.000 0.000 0.000 0.854
641 11_641 (13) 15 :  0.001 0.000 0.000 0.006 0.992
642 12_642 (13) 15 :  0.933 0.000 0.000 0.000 0.067
643 13_643 (6) 15 :  0.018 0.220 0.000 0.354 0.407
644 16_644 (6) 15 :  0.001 0.000 0.000 0.000 0.999
645 18_645 (0) 15 :  0.001 0.001 0.000 0.009 0.990
646 19_646 (0) 15 :  0.002 0.000 0.000 0.004 0.993
647 20_647 (0) 15 :  0.181 0.001 0.000 0.162 0.656
648 21_648 (20) 15 :  0.016 0.003 0.001 0.118 0.862
649 22_649 (0) 15 :  0.092 0.000 0.000 0.000 0.907
650 23_650 (13) 15 :  0.025 0.000 0.000 0.009 0.966
651 24_651 (0) 15 :  0.114 0.000 0.000 0.007 0.879
652 25_652 (6) 15 :  0.000 0.000 0.000 0.007 0.993
653 26_653 (6) 15 :  0.000 0.001 0.000 0.001 0.998
654 27_654 (6) 15 :  0.523 0.020 0.000 0.057 0.401
655 28_655 (0) 15 :  0.235 0.001 0.000 0.162 0.602
656 30_656 (6) 15 :  0.000 0.000 0.000 0.001 0.999
657 32_657 (0) 15 :  0.123 0.000 0.000 0.059 0.818
658 34_658 (20) 15 :  0.493 0.000 0.000 0.006 0.501
659 36_659 (13) 15 :  0.045 0.009 0.000 0.176 0.770
660 38_660 (0) 15 :  0.021 0.000 0.000 0.003 0.976
661 39_661 (0) 15 :  0.002 0.006 0.000 0.984 0.008
662 41_662 (0) 15 :  0.003 0.000 0.000 0.000 0.997
663 42_663 (13) 15 :  0.008 0.003 0.008 0.007 0.975
664 43_664 (0) 15 :  0.000 0.007 0.000 0.010 0.982
665 44_665 (13) 15 :  0.007 0.000 0.000 0.220 0.773
666 45_666 (0) 15 :  0.092 0.004 0.003 0.009 0.891
667 46_667 (0) 15 :  0.000 0.000 0.000 0.000 0.999
668 47_668 (6) 15 :  0.008 0.000 0.002 0.103 0.887
669 49_669 (6) 15 :  0.001 0.000 0.000 0.004 0.995
670 50_670 (0) 15 :  0.016 0.000 0.000 0.005 0.979
671 51_671 (0) 15 :  0.046 0.001 0.000 0.093 0.861
672 52_672 (0) 15 :  0.478 0.000 0.000 0.017 0.505
673 54_673 (0) 15 :  0.041 0.000 0.000 0.264 0.695
674 55_674 (6) 15 :  0.001 0.000 0.000 0.008 0.991
675 56_675 (26) 15 :  0.006 0.003 0.036 0.135 0.820
676 1_676 (6) 16 :  0.000 0.000 0.000 0.000 1.000
677 3_677 (0) 16 :  0.503 0.000 0.000 0.009 0.488
678 4_678 (0) 16 :  0.089 0.020 0.000 0.428 0.463
679 5_679 (0) 16 :  0.006 0.000 0.000 0.001 0.993
680 7_680 (0) 16 :  0.598 0.000 0.000 0.002 0.400
681 8_681 (6) 16 :  0.000 0.000 0.000 0.014 0.985
682 10_682 (0) 16 :  0.053 0.001 0.000 0.002 0.944
683 11_683 (0) 16 :  0.001 0.000 0.002 0.043 0.954
684 12_684 (0) 16 :  0.020 0.066 0.002 0.046 0.866
685 16_685 (0) 16 :  0.008 0.000 0.000 0.082 0.910
686 17_686 (0) 16 :  0.061 0.000 0.000 0.000 0.939
687 18_687 (0) 16 :  0.001 0.000 0.000 0.000 0.999
688 19_688 (6) 16 :  0.335 0.000 0.000 0.007 0.657
689 22_689 (13) 16 :  0.776 0.001 0.000 0.023 0.201
690 24_690 (0) 16 :  0.007 0.000 0.000 0.000 0.993
691 25_691 (6) 16 :  0.008 0.000 0.000 0.001 0.991
692 26_692 (0) 16 :  0.082 0.000 0.000 0.092 0.825
693 29_693 (0) 16 :  0.078 0.000 0.000 0.000 0.921
694 31_694 (0) 16 :  0.001 0.000 0.000 0.001 0.998
695 32_695 (0) 16 :  0.024 0.136 0.000 0.031 0.809
696 35_696 (0) 16 :  0.009 0.000 0.000 0.000 0.991
697 36_697 (0) 16 :  0.058 0.435 0.000 0.374 0.133
698 37_698 (0) 16 :  0.004 0.000 0.000 0.003 0.993
699 38_699 (0) 16 :  0.004 0.050 0.000 0.017 0.929
700 40_700 (0) 16 :  0.001 0.000 0.000 0.000 0.999
701 43_701 (0) 16 :  0.004 0.000 0.000 0.002 0.995
702 44_702 (0) 16 :  0.004 0.000 0.000 0.001 0.996
703 46_703 (0) 16 :  0.059 0.000 0.000 0.007 0.934
704 49_704 (6) 16 :  0.711 0.021 0.000 0.102 0.166
705 51_705 (0) 16 :  0.031 0.000 0.000 0.014 0.955
706 52_706 (0) 16 :  0.169 0.037 0.000 0.599 0.195
707 53_707 (6) 16 :  0.336 0.030 0.002 0.618 0.013
708 54_708 (20) 16 :  0.026 0.000 0.000 0.020 0.953
709 55_709 (20) 16 :  0.024 0.010 0.594 0.058 0.314
710 56_710 (6) 16 :  0.004 0.000 0.000 0.001 0.995
711 58_711 (6) 16 :  0.002 0.000 0.000 0.037 0.960
712 59_712 (6) 16 :  0.241 0.000 0.000 0.000 0.759
713 60_713 (13) 16 :  0.011 0.000 0.000 0.001 0.988
714 61_714 (0) 16 :  0.074 0.000 0.000 0.003 0.923
715 62_715 (0) 16 :  0.112 0.000 0.000 0.112 0.776
716 63_716 (0) 16 :  0.338 0.000 0.000 0.227 0.435
717 64_717 (20) 16 :  0.153 0.000 0.000 0.005 0.842
718 1_718 (20) 17 :  0.045 0.000 0.000 0.015 0.939
719 3_719 (0) 17 :  0.960 0.000 0.000 0.002 0.038
720 5_720 (0) 17 :  0.493 0.000 0.000 0.089 0.418
721 9_721 (20) 17 :  0.571 0.136 0.151 0.007 0.135
722 11_722 (6) 17 :  0.146 0.006 0.000 0.336 0.512
723 16_723 (6) 17 :  0.001 0.000 0.000 0.000 0.999
724 17_724 (20) 17 :  0.075 0.000 0.000 0.111 0.814
725 18_725 (26) 17 :  0.316 0.018 0.000 0.058 0.607
726 19_726 (0) 17 :  0.000 0.000 0.000 0.004 0.996
727 20_727 (0) 17 :  0.590 0.000 0.000 0.013 0.397
728 21_728 (6) 17 :  0.765 0.001 0.000 0.089 0.145
729 22_729 (0) 17 :  0.631 0.000 0.000 0.003 0.366
730 23_730 (0) 17 :  0.213 0.006 0.000 0.160 0.621
731 25_731 (13) 17 :  0.079 0.000 0.000 0.034 0.887
732 26_732 (26) 17 :  0.023 0.000 0.000 0.060 0.917
733 27_733 (6) 17 :  0.014 0.000 0.000 0.029 0.956
734 30_734 (0) 17 :  0.715 0.002 0.000 0.003 0.281
735 31_735 (0) 17 :  0.119 0.013 0.000 0.006 0.862
736 32_736 (6) 17 :  0.012 0.000 0.000 0.066 0.922
737 33_737 (13) 17 :  0.018 0.000 0.000 0.001 0.981
738 34_738 (0) 17 :  0.114 0.000 0.000 0.213 0.673
739 35_739 (0) 17 :  0.407 0.000 0.000 0.005 0.588
740 36_740 (6) 17 :  0.866 0.016 0.005 0.084 0.028
741 42_741 (0) 17 :  0.848 0.000 0.000 0.004 0.148
742 46_742 (0) 17 :  0.336 0.000 0.000 0.005 0.659
743 1_743 (0) 18 :  0.000 0.041 0.000 0.959 0.000
744 2_744 (0) 18 :  0.030 0.001 0.003 0.436 0.530
745 4_745 (6) 18 :  0.002 0.002 0.000 0.505 0.491
746 5_746 (13) 18 :  0.003 0.003 0.000 0.637 0.358
747 6_747 (0) 18 :  0.002 0.000 0.000 0.992 0.005
748 7_748 (6) 18 :  0.045 0.001 0.012 0.938 0.005
749 8_749 (13) 18 :  0.222 0.000 0.001 0.580 0.198
750 12_750 (0) 18 :  0.000 0.011 0.000 0.989 0.000
751 13_751 (0) 18 :  0.003 0.000 0.000 0.931 0.065
752 14_752 (0) 18 :  0.105 0.000 0.002 0.059 0.834
753 15_753 (40) 18 :  0.000 0.972 0.003 0.025 0.000
754 16_754 (0) 18 :  0.000 0.000 0.000 1.000 0.000
755 17_755 (0) 18 :  0.000 0.002 0.000 0.998 0.000
756 20_756 (0) 18 :  0.068 0.000 0.000 0.090 0.842
757 21_757 (0) 18 :  0.076 0.001 0.000 0.887 0.036
758 22_758 (0) 18 :  0.221 0.003 0.000 0.765 0.011
759 23_759 (6) 18 :  0.019 0.000 0.000 0.809 0.172
760 24_760 (6) 18 :  0.002 0.499 0.000 0.498 0.000
761 27_761 (0) 18 :  0.160 0.000 0.000 0.086 0.753
762 32_762 (0) 18 :  0.066 0.003 0.000 0.784 0.147
763 35_763 (0) 18 :  0.018 0.000 0.000 0.980 0.002
764 37_764 (0) 18 :  0.034 0.000 0.000 0.349 0.616
765 38_765 (0) 18 :  0.003 0.000 0.000 0.988 0.009
766 40_766 (0) 18 :  0.005 0.000 0.000 0.994 0.001
767 42_767 (0) 18 :  0.006 0.000 0.000 0.498 0.496
768 46_768 (0) 18 :  0.003 0.003 0.000 0.885 0.109
769 47_769 (0) 18 :  0.004 0.000 0.000 0.995 0.000
770 48_770 (0) 18 :  0.316 0.000 0.000 0.636 0.047
771 49_771 (6) 18 :  0.053 0.033 0.000 0.901 0.012
772 50_772 (20) 18 :  0.001 0.029 0.000 0.970 0.000
773 51_773 (46) 18 :  0.992 0.000 0.000 0.007 0.001
774 53_774 (46) 18 :  0.367 0.008 0.008 0.111 0.505
775 54_775 (33) 18 :  0.009 0.366 0.001 0.086 0.537
776 55_776 (46) 18 :  0.448 0.012 0.000 0.471 0.069
777 57_777 (6) 18 :  0.000 0.000 0.000 0.997 0.003
778 58_778 (0) 18 :  0.001 0.078 0.000 0.914 0.008
779 60_779 (13) 18 :  0.343 0.162 0.002 0.242 0.252
780 64_780 (0) 18 :  0.651 0.002 0.000 0.343 0.003
781 1_781 (26) 19 :  0.000 0.285 0.014 0.701 0.000
782 3_782 (6) 19 :  0.500 0.003 0.019 0.428 0.049
783 4_783 (6) 19 :  0.007 0.775 0.057 0.158 0.003
784 8_784 (6) 19 :  0.077 0.002 0.000 0.542 0.379
785 9_785 (46) 19 :  0.000 0.000 0.001 0.999 0.000
786 11_786 (6) 19 :  0.033 0.458 0.067 0.413 0.030
787 12_787 (6) 19 :  0.005 0.006 0.012 0.900 0.076
788 20_788 (6) 19 :  0.236 0.000 0.000 0.041 0.723
789 21_789 (26) 19 :  0.000 0.051 0.017 0.686 0.245
790 22_790 (20) 19 :  0.000 0.000 0.005 0.986 0.009
791 25_791 (6) 19 :  0.009 0.001 0.002 0.465 0.523
792 26_792 (13) 19 :  0.020 0.295 0.601 0.061 0.024
793 27_793 (6) 19 :  0.024 0.200 0.762 0.008 0.006
794 31_794 (13) 19 :  0.000 0.005 0.001 0.994 0.000
795 37_795 (6) 19 :  0.000 0.002 0.020 0.977 0.000
