  1:     0.000  0.000  0.000  1.000  0.000  0.000       21
  2:     0.000  0.056  0.000  0.833  0.000  0.111       36
  3:     0.045  0.076  0.015  0.697  0.015  0.152       66
  4:     0.058  0.096  0.038  0.596  0.038  0.173       52
  5:     0.014  0.099  0.113  0.606  0.028  0.141       71
  6:     0.000  0.022  0.000  0.783  0.000  0.196       46
  7:     0.000  0.034  0.000  0.966  0.000  0.000       58
  8:     0.052  0.034  0.017  0.155  0.000  0.741       58
  9:     0.000  0.121  0.000  0.061  0.030  0.788       33
 10:     0.037  0.000  0.000  0.148  0.000  0.815       27
 11:     0.000  0.000  0.040  0.040  0.040  0.880       25
 12:     0.000  0.000  0.032  0.032  0.000  0.935       31
 13:     0.000  0.096  0.000  0.154  0.000  0.750       52
 14:     0.000  0.035  0.000  0.140  0.000  0.825       57
 15:     0.000  0.024  0.000  0.071  0.000  0.905       42
 16:     0.024  0.071  0.000  0.143  0.024  0.738       42
 17:     0.000  0.040  0.000  0.280  0.000  0.680       25
 18:     0.000  0.526  0.000  0.132  0.053  0.289       38
 19:     0.029  0.457  0.171  0.086  0.057  0.200       35
 20:     0.000  0.737  0.088  0.088  0.070  0.018       57
 21:     0.000  0.500  0.125  0.125  0.125  0.125        8
 22:     0.056  0.778  0.093  0.019  0.037  0.019       54
 23:     0.027  0.867  0.000  0.027  0.013  0.067       75
 24:     0.020  0.860  0.040  0.020  0.060  0.000       50
 25:     0.000  0.881  0.000  0.048  0.024  0.048       42
 26:     0.000  0.976  0.000  0.024  0.000  0.000       42
 27:     0.185  0.111  0.111  0.000  0.556  0.037       27
 28:     0.370  0.037  0.111  0.037  0.370  0.074       27
 29:     0.089  0.036  0.018  0.054  0.786  0.018       56
 30:     0.155  0.034  0.017  0.000  0.776  0.017       58
 31:     0.073  0.049  0.024  0.000  0.854  0.000       41
 32:     0.000  0.038  0.038  0.000  0.923  0.000       26
 33:     0.020  0.098  0.000  0.078  0.765  0.039       51
 34:     0.161  0.032  0.032  0.000  0.774  0.000       31
 35:     0.077  0.038  0.019  0.000  0.846  0.019       52
 36:     0.070  0.023  0.023  0.000  0.860  0.023       43
 37:     0.043  0.000  0.043  0.000  0.913  0.000       23
 38:     0.048  0.024  0.048  0.000  0.881  0.000       42
 39:     0.000  0.098  0.000  0.000  0.854  0.049       41
 40:     0.030  0.030  0.030  0.000  0.909  0.000       33
 41:     0.038  0.038  0.038  0.000  0.846  0.038       26
 42:     0.057  0.143  0.029  0.000  0.771  0.000       35
 43:     0.136  0.045  0.000  0.000  0.818  0.000       22
 44:     0.115  0.058  0.173  0.000  0.596  0.058       52
 45:     0.293  0.098  0.024  0.024  0.537  0.024       41
 46:     0.804  0.000  0.065  0.000  0.130  0.000       46
 47:     0.974  0.000  0.026  0.000  0.000  0.000       38
 48:     0.931  0.000  0.000  0.017  0.052  0.000       58
 49:     0.945  0.000  0.036  0.000  0.018  0.000       55
 50:     0.918  0.016  0.033  0.000  0.016  0.016       61
 51:     0.771  0.029  0.114  0.000  0.086  0.000       35
 52:     0.870  0.000  0.130  0.000  0.000  0.000       23
 53:     0.192  0.038  0.692  0.000  0.058  0.019       52
 54:     0.636  0.091  0.273  0.000  0.000  0.000       22
 55:     0.629  0.057  0.314  0.000  0.000  0.000       35
 56:     0.714  0.000  0.286  0.000  0.000  0.000       14
 57:     0.286  0.048  0.619  0.000  0.048  0.000       42
 58:     0.282  0.103  0.615  0.000  0.000  0.000       39
 59:     0.036  0.000  0.929  0.000  0.018  0.018       56
 60:     0.061  0.020  0.918  0.000  0.000  0.000       49
 61:     0.037  0.000  0.963  0.000  0.000  0.000       27
 62:     0.024  0.000  0.976  0.000  0.000  0.000       41
 63:     0.030  0.000  0.970  0.000  0.000  0.000       33
