1 4_1 (0) 1 :  0.000 0.000 0.921 0.000 0.078
2 6_2 (0) 1 :  0.000 0.000 1.000 0.000 0.000
3 10_3 (0) 1 :  0.000 0.000 0.978 0.000 0.022
4 11_4 (0) 1 :  0.000 0.000 0.998 0.000 0.002
5 12_5 (0) 1 :  0.000 0.000 1.000 0.000 0.000
6 13_6 (0) 1 :  0.000 0.000 0.988 0.000 0.012
7 18_7 (6) 1 :  0.003 0.000 0.912 0.000 0.086
8 19_8 (0) 1 :  0.000 0.000 0.877 0.000 0.123
9 20_9 (0) 1 :  0.000 0.000 1.000 0.000 0.000
10 21_10 (0) 1 :  0.008 0.000 0.981 0.001 0.010
11 22_11 (6) 1 :  0.004 0.000 0.972 0.000 0.024
12 24_12 (20) 1 :  0.020 0.003 0.941 0.002 0.033
13 26_13 (0) 1 :  0.446 0.001 0.496 0.005 0.052
14 31_14 (0) 1 :  0.000 0.000 0.998 0.000 0.002
15 33_15 (6) 1 :  0.000 0.000 0.987 0.000 0.013
16 34_16 (6) 1 :  0.000 0.000 0.986 0.000 0.014
17 37_17 (0) 1 :  0.000 0.000 1.000 0.000 0.000
18 38_18 (0) 1 :  0.000 0.000 0.999 0.000 0.001
19 39_19 (0) 1 :  0.000 0.000 0.996 0.000 0.004
20 46_20 (0) 1 :  0.000 0.000 0.847 0.000 0.153
21 48_21 (6) 1 :  0.000 0.000 0.995 0.000 0.005
22 1_22 (13) 2 :  0.000 0.000 1.000 0.000 0.000
23 2_23 (6) 2 :  0.000 0.000 0.987 0.000 0.013
24 3_24 (0) 2 :  0.000 0.000 0.736 0.000 0.264
25 4_25 (0) 2 :  0.000 0.000 0.991 0.000 0.009
26 6_26 (0) 2 :  0.024 0.000 0.289 0.000 0.686
27 7_27 (6) 2 :  0.027 0.000 0.284 0.080 0.609
28 8_28 (26) 2 :  0.000 0.000 0.918 0.000 0.082
29 9_29 (26) 2 :  0.000 0.000 0.443 0.000 0.557
30 10_30 (0) 2 :  0.000 0.000 0.660 0.003 0.337
31 11_31 (26) 2 :  0.202 0.000 0.016 0.004 0.778
32 12_32 (0) 2 :  0.000 0.000 0.621 0.001 0.378
33 13_33 (0) 2 :  0.000 0.000 0.983 0.000 0.017
34 14_34 (13) 2 :  0.003 0.002 0.559 0.000 0.436
35 16_35 (13) 2 :  0.001 0.000 0.992 0.000 0.007
36 17_36 (6) 2 :  0.009 0.000 0.291 0.006 0.694
37 18_37 (13) 2 :  0.001 0.000 0.459 0.001 0.540
38 19_38 (13) 2 :  0.000 0.000 0.924 0.000 0.076
39 21_39 (6) 2 :  0.111 0.000 0.356 0.002 0.531
40 22_40 (0) 2 :  0.000 0.000 0.496 0.000 0.504
41 24_41 (0) 2 :  0.000 0.000 0.919 0.000 0.081
42 25_42 (6) 2 :  0.000 0.000 0.999 0.000 0.001
43 26_43 (20) 2 :  0.002 0.000 0.850 0.000 0.148
44 27_44 (0) 2 :  0.000 0.000 0.962 0.000 0.038
45 28_45 (0) 2 :  0.000 0.000 0.999 0.000 0.001
46 30_46 (0) 2 :  0.000 0.000 0.957 0.000 0.043
47 31_47 (0) 2 :  0.002 0.000 0.976 0.000 0.022
48 32_48 (13) 2 :  0.000 0.006 0.292 0.009 0.694
49 33_49 (0) 2 :  0.000 0.000 0.951 0.000 0.049
50 36_50 (6) 2 :  0.000 0.000 0.992 0.000 0.007
51 37_51 (0) 2 :  0.000 0.000 0.085 0.000 0.915
52 38_52 (0) 2 :  0.000 0.000 0.668 0.009 0.324
53 39_53 (13) 2 :  0.002 0.000 0.515 0.001 0.482
54 41_54 (0) 2 :  0.000 0.000 0.511 0.000 0.488
55 45_55 (0) 2 :  0.011 0.000 0.861 0.000 0.127
56 46_56 (0) 2 :  0.000 0.000 0.985 0.000 0.015
57 47_57 (6) 2 :  0.000 0.000 0.912 0.000 0.088
58 1_58 (6) 3 :  0.000 0.000 1.000 0.000 0.000
59 2_59 (13) 3 :  0.588 0.003 0.268 0.096 0.045
60 3_60 (13) 3 :  0.000 0.000 0.640 0.000 0.360
61 5_61 (6) 3 :  0.001 0.000 0.982 0.000 0.017
62 7_62 (13) 3 :  0.001 0.000 0.956 0.000 0.042
63 9_63 (13) 3 :  0.016 0.000 0.435 0.000 0.550
64 10_64 (13) 3 :  0.000 0.000 0.990 0.000 0.010
65 11_65 (46) 3 :  0.001 0.001 0.958 0.002 0.039
66 14_66 (80) 3 :  0.082 0.000 0.608 0.002 0.308
67 15_67 (6) 3 :  0.000 0.000 0.966 0.000 0.034
68 16_68 (20) 3 :  0.000 0.000 0.776 0.000 0.224
69 17_69 (73) 3 :  0.063 0.153 0.201 0.044 0.539
70 18_70 (20) 3 :  0.001 0.001 0.907 0.000 0.091
71 20_71 (20) 3 :  0.043 0.001 0.510 0.000 0.446
72 21_72 (13) 3 :  0.000 0.000 1.000 0.000 0.000
73 22_73 (6) 3 :  0.036 0.000 0.950 0.000 0.014
74 23_74 (6) 3 :  0.000 0.000 0.943 0.000 0.057
75 24_75 (13) 3 :  0.000 0.000 1.000 0.000 0.000
76 25_76 (26) 3 :  0.002 0.000 0.771 0.000 0.227
77 26_77 (53) 3 :  0.287 0.000 0.002 0.001 0.710
78 27_78 (26) 3 :  0.001 0.000 0.935 0.000 0.064
79 28_79 (20) 3 :  0.029 0.004 0.490 0.000 0.477
80 29_80 (13) 3 :  0.000 0.000 0.993 0.000 0.007
81 30_81 (13) 3 :  0.000 0.000 0.992 0.000 0.008
82 31_82 (6) 3 :  0.000 0.001 0.997 0.000 0.002
83 32_83 (20) 3 :  0.000 0.000 1.000 0.000 0.000
84 33_84 (26) 3 :  0.031 0.000 0.439 0.000 0.529
85 34_85 (46) 3 :  0.033 0.004 0.141 0.051 0.772
86 36_86 (73) 3 :  0.014 0.309 0.157 0.473 0.047
87 38_87 (26) 3 :  0.004 0.000 0.988 0.000 0.007
88 39_88 (60) 3 :  0.077 0.002 0.005 0.000 0.916
89 40_89 (33) 3 :  0.000 0.000 0.996 0.000 0.004
90 41_90 (73) 3 :  0.001 0.000 0.987 0.000 0.012
91 42_91 (6) 3 :  0.004 0.000 0.908 0.031 0.057
92 43_92 (13) 3 :  0.000 0.000 0.985 0.000 0.015
93 44_93 (33) 3 :  0.305 0.106 0.388 0.003 0.196
94 46_94 (86) 3 :  0.021 0.891 0.009 0.061 0.017
95 47_95 (26) 3 :  0.335 0.047 0.029 0.538 0.052
96 48_96 (33) 3 :  0.000 0.000 0.998 0.000 0.002
97 50_97 (6) 3 :  0.000 0.000 0.817 0.000 0.183
98 52_98 (0) 3 :  0.000 0.000 0.997 0.000 0.003
99 54_99 (26) 3 :  0.435 0.019 0.493 0.017 0.036
100 55_100 (13) 3 :  0.000 0.000 1.000 0.000 0.000
101 56_101 (0) 3 :  0.000 0.000 0.982 0.000 0.018
102 57_102 (13) 3 :  0.000 0.000 0.995 0.000 0.005
103 58_103 (6) 3 :  0.058 0.000 0.925 0.000 0.017
104 59_104 (6) 3 :  0.000 0.000 1.000 0.000 0.000
105 60_105 (0) 3 :  0.000 0.000 0.997 0.000 0.003
106 63_106 (0) 3 :  0.000 0.000 1.000 0.000 0.000
107 64_107 (0) 3 :  0.000 0.000 1.000 0.000 0.000
108 65_108 (0) 3 :  0.000 0.000 0.976 0.000 0.024
109 66_109 (6) 3 :  0.001 0.000 0.998 0.000 0.001
110 67_110 (6) 3 :  0.000 0.000 0.928 0.000 0.072
111 69_111 (0) 3 :  0.000 0.000 0.949 0.000 0.051
112 73_112 (20) 3 :  0.000 0.000 0.983 0.002 0.016
113 76_113 (6) 3 :  0.000 0.000 0.996 0.000 0.004
114 78_114 (20) 3 :  0.000 0.000 0.998 0.000 0.002
115 80_115 (6) 3 :  0.231 0.000 0.754 0.000 0.015
116 81_116 (0) 3 :  0.000 0.000 0.997 0.000 0.003
117 82_117 (93) 3 :  0.316 0.142 0.242 0.150 0.149
118 83_118 (6) 3 :  0.000 0.000 1.000 0.000 0.000
119 84_119 (6) 3 :  0.012 0.000 0.957 0.006 0.026
120 85_120 (26) 3 :  0.000 0.000 0.999 0.000 0.001
121 86_121 (6) 3 :  0.107 0.000 0.773 0.001 0.119
122 87_122 (0) 3 :  0.022 0.000 0.955 0.000 0.022
123 88_123 (6) 3 :  0.013 0.000 0.033 0.815 0.138
124 1_124 (33) 4 :  0.043 0.243 0.487 0.002 0.226
125 3_125 (0) 4 :  0.026 0.035 0.001 0.928 0.010
126 5_126 (6) 4 :  0.001 0.000 0.986 0.000 0.013
127 8_127 (13) 4 :  0.008 0.000 0.000 0.022 0.969
128 9_128 (13) 4 :  0.001 0.000 0.986 0.000 0.012
129 10_129 (13) 4 :  0.133 0.036 0.003 0.003 0.825
130 11_130 (6) 4 :  0.000 0.000 0.988 0.000 0.011
131 12_131 (0) 4 :  0.003 0.169 0.265 0.000 0.562
132 13_132 (6) 4 :  0.000 0.000 0.999 0.000 0.001
133 15_133 (13) 4 :  0.000 0.000 0.839 0.000 0.161
134 16_134 (6) 4 :  0.000 0.000 1.000 0.000 0.000
135 18_135 (0) 4 :  0.000 0.000 0.997 0.000 0.003
136 19_136 (6) 4 :  0.859 0.002 0.118 0.001 0.021
137 20_137 (0) 4 :  0.000 0.000 0.999 0.000 0.001
138 21_138 (0) 4 :  0.001 0.000 0.861 0.000 0.139
139 22_139 (0) 4 :  0.001 0.000 0.998 0.000 0.001
140 23_140 (0) 4 :  0.000 0.000 0.997 0.000 0.003
141 24_141 (6) 4 :  0.291 0.118 0.431 0.019 0.140
142 25_142 (6) 4 :  0.000 0.000 1.000 0.000 0.000
143 26_143 (0) 4 :  0.008 0.000 0.925 0.000 0.067
144 27_144 (0) 4 :  0.000 0.000 0.982 0.000 0.018
145 28_145 (0) 4 :  0.001 0.000 0.158 0.003 0.839
146 29_146 (0) 4 :  0.002 0.310 0.013 0.638 0.038
147 30_147 (0) 4 :  0.000 0.000 0.995 0.000 0.005
148 31_148 (0) 4 :  0.000 0.000 0.998 0.000 0.002
149 32_149 (0) 4 :  0.000 0.001 0.980 0.000 0.019
150 33_150 (0) 4 :  0.000 0.000 0.020 0.000 0.980
151 34_151 (6) 4 :  0.000 0.000 0.981 0.000 0.019
152 35_152 (6) 4 :  0.000 0.743 0.000 0.253 0.004
153 36_153 (0) 4 :  0.480 0.155 0.017 0.220 0.128
154 37_154 (0) 4 :  0.000 0.000 0.963 0.000 0.037
155 38_155 (6) 4 :  0.000 0.000 0.999 0.000 0.001
156 39_156 (0) 4 :  0.001 0.000 0.864 0.000 0.135
157 41_157 (6) 4 :  0.001 0.001 0.950 0.000 0.047
158 42_158 (0) 4 :  0.000 0.765 0.085 0.000 0.150
159 44_159 (6) 4 :  0.001 0.000 0.917 0.000 0.082
160 46_160 (6) 4 :  0.000 0.000 0.995 0.000 0.004
161 47_161 (0) 4 :  0.000 0.001 0.782 0.000 0.216
162 50_162 (6) 4 :  0.075 0.000 0.734 0.001 0.191
163 51_163 (0) 4 :  0.000 0.000 1.000 0.000 0.000
164 53_164 (0) 4 :  0.649 0.067 0.284 0.000 0.001
165 54_165 (0) 4 :  0.000 0.000 0.994 0.000 0.006
166 55_166 (6) 4 :  0.000 0.000 0.995 0.000 0.005
167 56_167 (0) 4 :  0.005 0.574 0.207 0.013 0.200
168 57_168 (0) 4 :  0.000 0.000 0.985 0.000 0.015
169 58_169 (0) 4 :  0.000 0.000 0.999 0.000 0.001
170 59_170 (0) 4 :  0.001 0.000 0.976 0.000 0.024
171 60_171 (0) 4 :  0.000 0.000 0.997 0.000 0.003
172 61_172 (0) 4 :  0.001 0.000 0.910 0.000 0.089
173 62_173 (0) 4 :  0.000 0.000 0.919 0.000 0.080
174 63_174 (0) 4 :  0.000 0.016 0.016 0.000 0.968
175 64_175 (0) 4 :  0.000 0.000 0.996 0.000 0.004
176 1_176 (0) 5 :  0.000 0.000 0.997 0.000 0.003
177 2_177 (0) 5 :  0.031 0.000 0.197 0.016 0.755
178 4_178 (6) 5 :  0.016 0.000 0.138 0.000 0.846
179 5_179 (13) 5 :  0.000 0.000 0.998 0.000 0.002
180 8_180 (0) 5 :  0.001 0.002 0.774 0.000 0.223
181 9_181 (0) 5 :  0.171 0.038 0.682 0.017 0.092
182 11_182 (0) 5 :  0.072 0.014 0.872 0.001 0.040
183 13_183 (0) 5 :  0.000 0.000 0.977 0.000 0.023
184 15_184 (0) 5 :  0.000 0.000 0.917 0.000 0.083
185 17_185 (0) 5 :  0.000 0.000 0.999 0.000 0.001
186 18_186 (0) 5 :  0.000 0.000 0.998 0.000 0.002
187 19_187 (0) 5 :  0.000 0.000 0.995 0.000 0.005
188 20_188 (0) 5 :  0.267 0.507 0.001 0.001 0.225
189 21_189 (0) 5 :  0.265 0.689 0.017 0.019 0.010
190 22_190 (6) 5 :  0.016 0.958 0.000 0.001 0.025
191 23_191 (0) 5 :  0.000 0.000 0.988 0.000 0.012
192 25_192 (0) 5 :  0.741 0.000 0.212 0.001 0.045
193 26_193 (0) 5 :  0.000 0.000 0.996 0.000 0.004
194 29_194 (13) 5 :  0.002 0.000 0.993 0.000 0.005
195 30_195 (0) 5 :  0.000 0.000 0.018 0.000 0.982
196 31_196 (0) 5 :  0.000 0.000 0.992 0.000 0.008
197 32_197 (0) 5 :  0.001 0.000 0.112 0.000 0.887
198 33_198 (6) 5 :  0.000 0.000 0.997 0.000 0.003
199 34_199 (0) 5 :  0.000 0.001 0.006 0.000 0.993
200 35_200 (0) 5 :  0.000 0.000 0.996 0.000 0.004
201 36_201 (0) 5 :  0.003 0.000 0.988 0.000 0.009
202 38_202 (0) 5 :  0.000 0.000 1.000 0.000 0.000
203 39_203 (13) 5 :  0.000 0.008 0.846 0.000 0.146
204 40_204 (0) 5 :  0.000 0.000 0.792 0.000 0.208
205 41_205 (6) 5 :  0.018 0.216 0.719 0.031 0.016
206 42_206 (0) 5 :  0.000 0.000 0.388 0.000 0.612
207 43_207 (6) 5 :  0.000 0.000 0.913 0.000 0.087
208 44_208 (6) 5 :  0.013 0.055 0.476 0.002 0.453
209 46_209 (0) 5 :  0.000 0.000 0.943 0.000 0.056
210 47_210 (0) 5 :  0.000 0.000 1.000 0.000 0.000
211 49_211 (6) 5 :  0.003 0.001 0.617 0.001 0.378
212 50_212 (6) 5 :  0.000 0.000 0.858 0.000 0.142
213 51_213 (6) 5 :  0.001 0.041 0.840 0.000 0.118
214 53_214 (0) 5 :  0.000 0.962 0.000 0.024 0.013
215 54_215 (0) 5 :  0.000 0.000 1.000 0.000 0.000
216 55_216 (0) 5 :  0.003 0.000 0.373 0.000 0.624
217 56_217 (0) 5 :  0.000 0.000 0.989 0.000 0.011
218 57_218 (6) 5 :  0.000 0.000 0.907 0.000 0.092
219 58_219 (0) 5 :  0.000 0.000 0.998 0.000 0.002
220 59_220 (6) 5 :  0.000 0.000 0.984 0.000 0.015
221 60_221 (0) 5 :  0.000 0.164 0.350 0.001 0.485
222 61_222 (0) 5 :  0.000 0.991 0.007 0.001 0.001
223 62_223 (6) 5 :  0.017 0.000 0.592 0.000 0.390
224 63_224 (6) 5 :  0.000 0.000 0.997 0.000 0.003
225 65_225 (0) 5 :  0.004 0.953 0.037 0.004 0.001
226 66_226 (0) 5 :  0.000 0.000 0.999 0.000 0.001
227 67_227 (13) 5 :  0.015 0.000 0.767 0.000 0.218
228 68_228 (0) 5 :  0.002 0.002 0.543 0.000 0.453
229 71_229 (13) 5 :  0.001 0.000 0.979 0.000 0.020
230 72_230 (0) 5 :  0.006 0.000 0.986 0.000 0.008
231 73_231 (6) 5 :  0.032 0.001 0.723 0.000 0.244
232 74_232 (13) 5 :  0.098 0.003 0.007 0.344 0.548
233 75_233 (0) 5 :  0.002 0.836 0.063 0.018 0.080
234 76_234 (6) 5 :  0.001 0.017 0.969 0.000 0.012
235 77_235 (0) 5 :  0.000 0.000 0.843 0.000 0.157
236 79_236 (0) 5 :  0.000 0.955 0.014 0.003 0.028
237 80_237 (0) 5 :  0.000 0.000 0.937 0.000 0.063
238 81_238 (13) 5 :  0.000 0.000 0.998 0.000 0.002
239 82_239 (0) 5 :  0.680 0.014 0.161 0.007 0.138
240 83_240 (13) 5 :  0.004 0.000 0.826 0.000 0.170
241 86_241 (0) 5 :  0.002 0.000 0.983 0.000 0.015
242 87_242 (20) 5 :  0.000 0.000 0.998 0.000 0.002
243 88_243 (13) 5 :  0.000 0.000 0.958 0.000 0.042
244 89_244 (13) 5 :  0.000 0.000 1.000 0.000 0.000
245 90_245 (20) 5 :  0.000 0.000 0.960 0.000 0.040
246 92_246 (0) 5 :  0.000 0.000 0.918 0.000 0.082
247 1_247 (20) 6 :  0.026 0.001 0.962 0.000 0.012
248 2_248 (13) 6 :  0.000 0.000 0.843 0.000 0.157
249 3_249 (20) 6 :  0.416 0.004 0.030 0.014 0.535
250 4_250 (0) 6 :  0.000 0.000 1.000 0.000 0.000
251 5_251 (20) 6 :  0.000 0.000 0.998 0.000 0.002
252 6_252 (6) 6 :  0.000 0.001 0.991 0.000 0.008
253 7_253 (26) 6 :  0.000 0.000 0.906 0.000 0.094
254 9_254 (0) 6 :  0.000 0.000 0.999 0.000 0.001
255 10_255 (0) 6 :  0.006 0.000 0.850 0.000 0.144
256 11_256 (6) 6 :  0.000 0.000 1.000 0.000 0.000
257 12_257 (13) 6 :  0.000 0.000 1.000 0.000 0.000
258 13_258 (6) 6 :  0.000 0.000 0.704 0.000 0.296
259 14_259 (0) 6 :  0.000 0.000 0.997 0.000 0.003
260 16_260 (13) 6 :  0.010 0.000 0.794 0.008 0.188
261 17_261 (20) 6 :  0.000 0.000 0.983 0.000 0.017
262 18_262 (20) 6 :  0.000 0.000 1.000 0.000 0.000
263 19_263 (20) 6 :  0.001 0.000 0.969 0.000 0.031
264 20_264 (33) 6 :  0.000 0.001 0.992 0.000 0.007
265 21_265 (20) 6 :  0.002 0.000 0.997 0.000 0.001
266 22_266 (20) 6 :  0.002 0.000 0.684 0.000 0.313
267 23_267 (40) 6 :  0.000 0.000 0.998 0.000 0.002
268 24_268 (33) 6 :  0.000 0.003 0.435 0.010 0.551
269 25_269 (13) 6 :  0.000 0.000 0.952 0.000 0.048
270 26_270 (13) 6 :  0.000 0.000 1.000 0.000 0.000
271 27_271 (26) 6 :  0.000 0.000 0.993 0.000 0.007
272 28_272 (13) 6 :  0.000 0.000 0.996 0.000 0.004
273 29_273 (6) 6 :  0.000 0.000 1.000 0.000 0.000
274 30_274 (13) 6 :  0.001 0.001 0.732 0.000 0.266
275 31_275 (13) 6 :  0.000 0.000 1.000 0.000 0.000
276 32_276 (13) 6 :  0.000 0.000 0.988 0.000 0.012
277 33_277 (20) 6 :  0.063 0.003 0.548 0.025 0.361
278 34_278 (0) 6 :  0.000 0.000 0.996 0.000 0.004
279 35_279 (6) 6 :  0.000 0.000 1.000 0.000 0.000
280 36_280 (6) 6 :  0.000 0.000 0.712 0.000 0.288
281 37_281 (6) 6 :  0.000 0.000 0.972 0.000 0.028
282 38_282 (6) 6 :  0.000 0.000 0.972 0.000 0.027
283 39_283 (0) 6 :  0.002 0.000 0.683 0.000 0.315
284 40_284 (13) 6 :  0.000 0.000 0.997 0.000 0.003
285 41_285 (0) 6 :  0.000 0.000 0.942 0.000 0.058
286 42_286 (40) 6 :  0.000 0.000 0.996 0.000 0.004
287 43_287 (6) 6 :  0.000 0.000 1.000 0.000 0.000
288 44_288 (33) 6 :  0.000 0.000 1.000 0.000 0.000
289 45_289 (6) 6 :  0.041 0.000 0.724 0.000 0.235
290 46_290 (20) 6 :  0.000 0.000 0.840 0.000 0.160
291 47_291 (13) 6 :  0.064 0.002 0.691 0.001 0.242
292 48_292 (40) 6 :  0.000 0.000 0.994 0.000 0.006
293 1_293 (20) 7 :  0.010 0.000 0.968 0.001 0.022
294 2_294 (6) 7 :  0.000 0.000 0.999 0.000 0.001
295 3_295 (6) 7 :  0.000 0.000 0.947 0.000 0.053
296 4_296 (6) 7 :  0.000 0.000 0.997 0.000 0.003
297 6_297 (0) 7 :  0.000 0.000 0.987 0.000 0.013
298 7_298 (6) 7 :  0.000 0.000 0.999 0.000 0.001
299 8_299 (20) 7 :  0.002 0.000 0.593 0.000 0.406
300 9_300 (26) 7 :  0.000 0.000 0.989 0.000 0.011
301 10_301 (13) 7 :  0.000 0.001 0.989 0.000 0.009
302 11_302 (0) 7 :  0.000 0.000 0.160 0.000 0.839
303 13_303 (6) 7 :  0.000 0.000 1.000 0.000 0.000
304 14_304 (6) 7 :  0.000 0.001 0.973 0.007 0.018
305 15_305 (6) 7 :  0.001 0.000 0.262 0.000 0.737
306 16_306 (6) 7 :  0.000 0.000 0.813 0.000 0.187
307 17_307 (6) 7 :  0.056 0.000 0.767 0.001 0.175
308 18_308 (13) 7 :  0.000 0.000 0.990 0.000 0.010
309 19_309 (0) 7 :  0.001 0.356 0.479 0.044 0.120
310 20_310 (6) 7 :  0.000 0.000 0.997 0.000 0.003
311 21_311 (0) 7 :  0.000 0.000 0.972 0.000 0.028
312 22_312 (6) 7 :  0.000 0.000 0.999 0.000 0.001
313 23_313 (13) 7 :  0.002 0.001 0.817 0.001 0.179
314 24_314 (6) 7 :  0.000 0.000 0.995 0.000 0.005
315 25_315 (13) 7 :  0.000 0.000 0.966 0.000 0.034
316 26_316 (0) 7 :  0.011 0.001 0.019 0.001 0.969
317 27_317 (0) 7 :  0.000 0.000 0.984 0.000 0.016
318 28_318 (0) 7 :  0.000 0.000 0.186 0.000 0.814
319 29_319 (0) 7 :  0.000 0.000 0.934 0.000 0.066
320 30_320 (0) 7 :  0.000 0.000 0.946 0.000 0.054
321 31_321 (6) 7 :  0.000 0.000 0.972 0.000 0.027
322 32_322 (0) 7 :  0.000 0.000 0.939 0.000 0.061
323 33_323 (6) 7 :  0.004 0.001 0.847 0.000 0.148
324 34_324 (0) 7 :  0.002 0.000 0.786 0.000 0.212
325 35_325 (0) 7 :  0.000 0.000 0.998 0.000 0.002
326 37_326 (6) 7 :  0.000 0.000 1.000 0.000 0.000
327 38_327 (6) 7 :  0.000 0.000 0.952 0.000 0.048
328 39_328 (0) 7 :  0.000 0.002 0.141 0.000 0.856
329 40_329 (26) 7 :  0.000 0.000 0.999 0.000 0.001
330 41_330 (0) 7 :  0.000 0.000 0.995 0.000 0.005
331 42_331 (0) 7 :  0.037 0.000 0.950 0.001 0.012
332 43_332 (0) 7 :  0.000 0.000 0.999 0.000 0.001
333 44_333 (0) 7 :  0.005 0.002 0.751 0.000 0.242
334 45_334 (0) 7 :  0.000 0.000 0.990 0.000 0.009
335 46_335 (6) 7 :  0.000 0.000 0.997 0.000 0.003
336 47_336 (6) 7 :  0.000 0.000 0.949 0.000 0.050
337 49_337 (6) 7 :  0.000 0.000 0.981 0.000 0.019
338 50_338 (13) 7 :  0.000 0.000 1.000 0.000 0.000
339 51_339 (20) 7 :  0.002 0.002 0.805 0.000 0.190
340 52_340 (6) 7 :  0.000 0.000 0.995 0.000 0.005
341 53_341 (0) 7 :  0.000 0.000 0.994 0.000 0.006
342 54_342 (0) 7 :  0.001 0.000 0.808 0.000 0.191
343 55_343 (6) 7 :  0.000 0.000 0.877 0.000 0.123
344 56_344 (0) 7 :  0.000 0.000 0.626 0.000 0.374
345 57_345 (33) 7 :  0.007 0.000 0.955 0.002 0.035
346 58_346 (0) 7 :  0.000 0.000 0.960 0.000 0.040
347 59_347 (0) 7 :  0.000 0.000 0.863 0.000 0.137
348 61_348 (0) 7 :  0.000 0.000 0.988 0.000 0.012
349 62_349 (0) 7 :  0.000 0.002 0.019 0.000 0.978
350 64_350 (6) 7 :  0.000 0.384 0.524 0.059 0.033
351 1_351 (6) 8 :  0.000 0.000 0.993 0.000 0.007
352 2_352 (0) 8 :  0.007 0.000 0.975 0.000 0.017
353 3_353 (0) 8 :  0.000 0.000 0.943 0.000 0.056
354 4_354 (13) 8 :  0.000 0.000 1.000 0.000 0.000
355 5_355 (0) 8 :  0.000 0.000 1.000 0.000 0.000
356 6_356 (6) 8 :  0.000 0.000 0.967 0.000 0.033
357 7_357 (0) 8 :  0.001 0.000 0.740 0.000 0.259
358 8_358 (13) 8 :  0.538 0.028 0.017 0.170 0.247
359 9_359 (6) 8 :  0.000 0.856 0.003 0.010 0.131
360 10_360 (0) 8 :  0.000 0.000 0.247 0.000 0.753
361 11_361 (6) 8 :  0.000 0.000 1.000 0.000 0.000
362 12_362 (0) 8 :  0.000 0.000 0.964 0.000 0.036
363 13_363 (0) 8 :  0.000 0.000 0.996 0.000 0.004
364 14_364 (0) 8 :  0.040 0.013 0.502 0.008 0.438
365 15_365 (0) 8 :  0.000 0.000 0.837 0.000 0.163
366 17_366 (33) 8 :  0.009 0.000 0.921 0.000 0.069
367 18_367 (0) 8 :  0.000 0.000 1.000 0.000 0.000
368 19_368 (0) 8 :  0.000 0.000 0.996 0.000 0.004
369 23_369 (0) 8 :  0.000 0.000 0.528 0.000 0.472
370 24_370 (0) 8 :  0.000 0.000 0.964 0.000 0.036
371 25_371 (0) 8 :  0.000 0.000 0.983 0.000 0.017
372 26_372 (6) 8 :  0.000 0.000 1.000 0.000 0.000
373 27_373 (6) 8 :  0.057 0.000 0.916 0.000 0.027
374 28_374 (0) 8 :  0.000 0.000 0.978 0.000 0.022
375 29_375 (0) 8 :  0.000 0.000 0.983 0.000 0.017
376 30_376 (6) 8 :  0.001 0.140 0.786 0.000 0.074
377 31_377 (0) 8 :  0.001 0.000 0.925 0.000 0.075
378 32_378 (0) 8 :  0.000 0.000 1.000 0.000 0.000
379 33_379 (6) 8 :  0.000 0.000 0.999 0.000 0.001
380 34_380 (13) 8 :  0.014 0.003 0.953 0.000 0.029
381 35_381 (0) 8 :  0.000 0.000 0.823 0.000 0.177
382 36_382 (0) 8 :  0.000 0.000 0.974 0.000 0.026
383 39_383 (0) 8 :  0.001 0.000 0.998 0.000 0.001
384 40_384 (0) 8 :  0.000 0.000 1.000 0.000 0.000
385 41_385 (0) 8 :  0.000 0.000 0.926 0.000 0.074
386 44_386 (53) 8 :  0.014 0.572 0.018 0.331 0.064
387 45_387 (20) 8 :  0.001 0.000 0.945 0.000 0.053
388 46_388 (40) 8 :  0.000 0.000 0.964 0.000 0.035
389 47_389 (6) 8 :  0.000 0.000 0.701 0.000 0.299
390 48_390 (13) 8 :  0.000 0.000 0.989 0.000 0.011
391 49_391 (13) 8 :  0.000 0.020 0.831 0.000 0.150
392 50_392 (6) 8 :  0.000 0.000 0.999 0.000 0.001
393 51_393 (13) 8 :  0.000 0.000 1.000 0.000 0.000
394 52_394 (0) 8 :  0.000 0.000 0.997 0.000 0.003
395 53_395 (20) 8 :  0.000 0.000 0.967 0.000 0.033
396 54_396 (20) 8 :  0.016 0.008 0.153 0.800 0.024
397 55_397 (46) 8 :  0.010 0.000 0.953 0.000 0.037
398 56_398 (13) 8 :  0.000 0.000 0.999 0.000 0.001
399 57_399 (6) 8 :  0.002 0.000 0.095 0.000 0.903
400 62_400 (26) 8 :  0.126 0.005 0.731 0.126 0.012
401 64_401 (33) 8 :  0.199 0.000 0.498 0.002 0.301
402 65_402 (0) 8 :  0.000 0.000 1.000 0.000 0.000
403 67_403 (0) 8 :  0.000 0.000 1.000 0.000 0.000
404 68_404 (0) 8 :  0.000 0.000 0.999 0.000 0.001
405 69_405 (0) 8 :  0.000 0.000 0.998 0.000 0.002
406 70_406 (0) 8 :  0.000 0.000 0.963 0.000 0.037
407 71_407 (6) 8 :  0.000 0.000 0.442 0.000 0.557
408 72_408 (0) 8 :  0.000 0.000 0.799 0.000 0.201
409 2_409 (6) 9 :  0.000 0.000 0.998 0.000 0.001
410 3_410 (33) 9 :  0.119 0.001 0.137 0.164 0.579
411 4_411 (6) 9 :  0.000 0.002 0.894 0.000 0.104
412 5_412 (6) 9 :  0.000 0.000 0.998 0.000 0.002
413 6_413 (6) 9 :  0.001 0.000 0.962 0.000 0.038
414 7_414 (53) 9 :  0.039 0.002 0.749 0.005 0.205
415 10_415 (6) 9 :  0.000 0.000 0.977 0.000 0.023
416 11_416 (6) 9 :  0.001 0.000 0.948 0.000 0.051
417 13_417 (6) 9 :  0.002 0.000 0.894 0.001 0.103
418 16_418 (6) 9 :  0.012 0.008 0.929 0.008 0.043
419 17_419 (6) 9 :  0.001 0.000 0.784 0.009 0.207
420 19_420 (46) 9 :  0.041 0.009 0.681 0.008 0.262
421 25_421 (6) 9 :  0.962 0.002 0.030 0.005 0.001
422 27_422 (6) 9 :  0.000 0.002 0.977 0.000 0.020
423 28_423 (0) 9 :  0.003 0.002 0.243 0.005 0.747
424 30_424 (0) 9 :  0.000 0.000 0.772 0.000 0.228
425 34_425 (0) 9 :  0.000 0.000 0.997 0.000 0.003
426 37_426 (13) 9 :  0.000 0.000 0.987 0.000 0.013
427 38_427 (6) 9 :  0.000 0.000 0.987 0.000 0.013
428 40_428 (46) 9 :  0.032 0.000 0.783 0.005 0.180
429 42_429 (20) 9 :  0.000 0.000 0.995 0.000 0.005
430 43_430 (6) 9 :  0.000 0.000 0.994 0.000 0.006
431 45_431 (6) 9 :  0.001 0.000 0.992 0.000 0.006
432 46_432 (20) 9 :  0.009 0.001 0.927 0.003 0.060
433 47_433 (6) 9 :  0.008 0.000 0.680 0.000 0.312
434 48_434 (26) 9 :  0.000 0.000 0.811 0.000 0.189
435 53_435 (6) 9 :  0.116 0.004 0.675 0.198 0.007
436 55_436 (6) 9 :  0.002 0.002 0.685 0.000 0.311
437 56_437 (20) 9 :  0.001 0.000 0.993 0.000 0.007
438 57_438 (13) 9 :  0.000 0.000 1.000 0.000 0.000
439 60_439 (0) 9 :  0.000 0.000 0.993 0.000 0.007
440 62_440 (26) 9 :  0.004 0.002 0.435 0.001 0.559
441 63_441 (13) 9 :  0.003 0.000 0.708 0.000 0.288
442 2_442 (6) 10 :  0.000 0.000 1.000 0.000 0.000
443 3_443 (6) 10 :  0.002 0.000 0.982 0.000 0.016
444 5_444 (0) 10 :  0.000 0.000 0.993 0.000 0.007
445 7_445 (6) 10 :  0.000 0.000 0.985 0.000 0.015
446 8_446 (33) 10 :  0.004 0.001 0.971 0.000 0.024
447 9_447 (0) 10 :  0.000 0.000 0.998 0.000 0.002
448 11_448 (6) 10 :  0.009 0.000 0.950 0.001 0.040
449 13_449 (20) 10 :  0.000 0.000 0.998 0.000 0.001
450 15_450 (6) 10 :  0.003 0.000 0.924 0.000 0.073
451 18_451 (6) 10 :  0.003 0.000 0.978 0.000 0.019
452 19_452 (0) 10 :  0.000 0.000 0.763 0.000 0.237
453 20_453 (6) 10 :  0.000 0.000 0.999 0.000 0.001
454 23_454 (6) 10 :  0.000 0.000 0.995 0.000 0.005
455 25_455 (0) 10 :  0.000 0.000 0.980 0.000 0.019
456 30_456 (6) 10 :  0.002 0.005 0.033 0.873 0.087
457 34_457 (26) 10 :  0.000 0.010 0.971 0.000 0.019
458 37_458 (0) 10 :  0.000 0.000 0.980 0.000 0.020
459 38_459 (26) 10 :  0.003 0.000 0.863 0.000 0.133
460 42_460 (20) 10 :  0.000 0.000 0.997 0.000 0.003
461 43_461 (0) 10 :  0.003 0.000 0.634 0.000 0.364
462 46_462 (13) 10 :  0.001 0.001 0.993 0.000 0.005
463 48_463 (13) 10 :  0.000 0.004 0.992 0.000 0.003
464 49_464 (0) 10 :  0.000 0.000 0.992 0.000 0.008
465 50_465 (6) 10 :  0.000 0.000 1.000 0.000 0.000
466 54_466 (0) 10 :  0.000 0.000 0.999 0.000 0.001
467 55_467 (40) 10 :  0.003 0.303 0.423 0.000 0.271
468 56_468 (6) 10 :  0.000 0.000 0.952 0.000 0.048
469 1_469 (0) 11 :  0.001 0.000 0.953 0.000 0.046
470 2_470 (0) 11 :  0.033 0.097 0.727 0.004 0.139
471 3_471 (0) 11 :  0.000 0.000 0.997 0.000 0.002
472 4_472 (0) 11 :  0.001 0.000 0.780 0.001 0.218
473 5_473 (0) 11 :  0.188 0.018 0.490 0.006 0.298
474 7_474 (0) 11 :  0.761 0.080 0.000 0.000 0.159
475 8_475 (0) 11 :  0.003 0.001 0.928 0.000 0.068
476 10_476 (6) 11 :  0.000 0.000 0.995 0.000 0.004
477 11_477 (0) 11 :  0.471 0.083 0.422 0.001 0.023
478 14_478 (0) 11 :  0.000 0.000 0.999 0.000 0.001
479 15_479 (0) 11 :  0.000 0.000 0.993 0.000 0.007
480 19_480 (0) 11 :  0.000 0.000 0.980 0.000 0.020
481 21_481 (0) 11 :  0.371 0.006 0.453 0.023 0.147
482 23_482 (0) 11 :  0.000 0.000 0.990 0.000 0.010
483 24_483 (6) 11 :  0.016 0.865 0.028 0.004 0.087
484 26_484 (0) 11 :  0.002 0.000 0.954 0.000 0.045
485 27_485 (0) 11 :  0.008 0.004 0.701 0.000 0.286
486 32_486 (0) 11 :  0.000 0.000 0.970 0.000 0.030
487 34_487 (0) 11 :  0.000 0.000 1.000 0.000 0.000
488 37_488 (0) 11 :  0.000 0.000 1.000 0.000 0.000
489 38_489 (0) 11 :  0.050 0.000 0.915 0.000 0.035
490 39_490 (0) 11 :  0.005 0.000 0.965 0.000 0.030
491 40_491 (0) 11 :  0.000 0.000 1.000 0.000 0.000
492 43_492 (6) 11 :  0.000 0.000 0.999 0.000 0.001
493 47_493 (0) 11 :  0.000 0.000 1.000 0.000 0.000
494 1_494 (6) 12 :  0.000 0.000 0.999 0.000 0.001
495 2_495 (6) 12 :  0.000 0.000 0.976 0.000 0.024
496 3_496 (0) 12 :  0.023 0.000 0.962 0.000 0.015
497 4_497 (13) 12 :  0.001 0.000 0.970 0.000 0.029
498 7_498 (0) 12 :  0.000 0.000 0.999 0.000 0.001
499 8_499 (13) 12 :  0.000 0.000 1.000 0.000 0.000
500 9_500 (20) 12 :  0.000 0.000 0.991 0.000 0.009
501 10_501 (13) 12 :  0.000 0.000 1.000 0.000 0.000
502 11_502 (6) 12 :  0.003 0.983 0.005 0.002 0.007
503 12_503 (6) 12 :  0.022 0.020 0.343 0.108 0.507
504 15_504 (13) 12 :  0.000 0.000 0.999 0.000 0.001
505 17_505 (6) 12 :  0.001 0.000 0.994 0.000 0.006
506 18_506 (6) 12 :  0.000 0.000 1.000 0.000 0.000
507 19_507 (6) 12 :  0.000 0.000 0.998 0.000 0.002
508 20_508 (13) 12 :  0.000 0.000 0.595 0.000 0.404
509 21_509 (6) 12 :  0.000 0.000 0.999 0.000 0.001
510 25_510 (6) 12 :  0.001 0.000 0.329 0.000 0.670
511 26_511 (0) 12 :  0.000 0.000 0.983 0.000 0.017
512 28_512 (6) 12 :  0.000 0.000 1.000 0.000 0.000
513 31_513 (13) 12 :  0.100 0.010 0.757 0.000 0.132
514 32_514 (13) 12 :  0.000 0.000 1.000 0.000 0.000
515 33_515 (13) 12 :  0.000 0.000 1.000 0.000 0.000
516 36_516 (6) 12 :  0.000 0.000 0.999 0.000 0.001
517 41_517 (6) 12 :  0.000 0.000 1.000 0.000 0.000
518 43_518 (6) 12 :  0.001 0.000 0.998 0.000 0.000
519 44_519 (33) 12 :  0.000 0.000 0.995 0.000 0.005
520 50_520 (0) 12 :  0.000 0.000 0.998 0.000 0.002
521 52_521 (60) 12 :  0.001 0.001 0.977 0.000 0.021
522 53_522 (20) 12 :  0.173 0.160 0.124 0.108 0.434
523 55_523 (26) 12 :  0.000 0.000 0.975 0.000 0.025
524 56_524 (6) 12 :  0.000 0.000 1.000 0.000 0.000
525 1_525 (0) 13 :  0.000 0.000 0.999 0.000 0.001
526 3_526 (6) 13 :  0.001 0.000 0.933 0.001 0.064
527 5_527 (6) 13 :  0.005 0.000 0.958 0.001 0.036
528 8_528 (13) 13 :  0.000 0.000 1.000 0.000 0.000
529 9_529 (6) 13 :  0.001 0.000 0.096 0.006 0.898
530 10_530 (6) 13 :  0.000 0.000 0.999 0.000 0.001
531 13_531 (6) 13 :  0.000 0.000 0.989 0.000 0.011
532 14_532 (0) 13 :  0.008 0.000 0.279 0.000 0.713
533 16_533 (6) 13 :  0.000 0.000 1.000 0.000 0.000
534 21_534 (0) 13 :  0.000 0.000 1.000 0.000 0.000
535 23_535 (6) 13 :  0.000 0.000 0.996 0.000 0.004
536 26_536 (0) 13 :  0.048 0.001 0.257 0.002 0.691
537 27_537 (0) 13 :  0.000 0.000 1.000 0.000 0.000
538 29_538 (13) 13 :  0.000 0.000 0.998 0.000 0.001
539 32_539 (0) 13 :  0.000 0.000 1.000 0.000 0.000
540 37_540 (0) 13 :  0.000 0.000 0.998 0.000 0.002
541 38_541 (0) 13 :  0.000 0.000 1.000 0.000 0.000
542 41_542 (6) 13 :  0.000 0.000 0.987 0.000 0.013
543 42_543 (0) 13 :  0.026 0.000 0.427 0.000 0.546
544 43_544 (0) 13 :  0.000 0.000 0.999 0.000 0.001
545 44_545 (0) 13 :  0.000 0.001 0.114 0.001 0.883
546 45_546 (0) 13 :  0.000 0.000 0.999 0.000 0.001
547 46_547 (0) 13 :  0.000 0.000 0.950 0.000 0.050
548 47_548 (0) 13 :  0.000 0.000 0.989 0.000 0.010
549 48_549 (0) 13 :  0.000 0.000 0.998 0.000 0.002
550 49_550 (6) 13 :  0.002 0.000 0.994 0.000 0.004
551 50_551 (0) 13 :  0.005 0.000 0.695 0.000 0.300
552 53_552 (6) 13 :  0.000 0.000 0.975 0.000 0.025
553 56_553 (6) 13 :  0.128 0.001 0.851 0.003 0.018
554 57_554 (0) 13 :  0.090 0.001 0.635 0.052 0.222
555 58_555 (0) 13 :  0.000 0.000 1.000 0.000 0.000
556 59_556 (0) 13 :  0.000 0.000 1.000 0.000 0.000
557 60_557 (6) 13 :  0.000 0.000 0.984 0.000 0.016
558 61_558 (0) 13 :  0.000 0.000 0.998 0.000 0.002
559 63_559 (6) 13 :  0.003 0.000 0.943 0.000 0.054
560 65_560 (6) 13 :  0.000 0.001 0.985 0.002 0.013
561 69_561 (0) 13 :  0.000 0.000 0.998 0.000 0.002
562 70_562 (6) 13 :  0.013 0.004 0.377 0.016 0.590
563 72_563 (0) 13 :  0.003 0.000 0.995 0.000 0.002
564 74_564 (0) 13 :  0.000 0.000 1.000 0.000 0.000
565 75_565 (6) 13 :  0.000 0.000 1.000 0.000 0.000
566 76_566 (6) 13 :  0.000 0.000 0.987 0.000 0.013
567 79_567 (0) 13 :  0.000 0.000 0.905 0.000 0.095
568 80_568 (6) 13 :  0.001 0.000 0.995 0.000 0.004
569 82_569 (0) 13 :  0.000 0.000 1.000 0.000 0.000
570 83_570 (0) 13 :  0.000 0.000 0.974 0.000 0.026
571 85_571 (6) 13 :  0.000 0.000 0.317 0.000 0.683
572 86_572 (0) 13 :  0.000 0.000 0.986 0.000 0.014
573 88_573 (6) 13 :  0.004 0.000 0.995 0.000 0.002
574 90_574 (0) 13 :  0.000 0.000 0.992 0.000 0.008
575 91_575 (0) 13 :  0.000 0.000 1.000 0.000 0.000
576 95_576 (0) 13 :  0.000 0.000 0.993 0.000 0.007
577 1_577 (0) 14 :  0.000 0.000 0.988 0.000 0.012
578 2_578 (6) 14 :  0.000 0.000 0.997 0.000 0.002
579 3_579 (0) 14 :  0.000 0.000 1.000 0.000 0.000
580 5_580 (0) 14 :  0.016 0.000 0.316 0.000 0.668
581 6_581 (0) 14 :  0.002 0.000 0.997 0.000 0.001
582 7_582 (0) 14 :  0.000 0.000 0.995 0.000 0.005
583 8_583 (13) 14 :  0.020 0.000 0.498 0.000 0.482
584 9_584 (6) 14 :  0.000 0.000 1.000 0.000 0.000
585 10_585 (0) 14 :  0.163 0.000 0.829 0.000 0.007
586 11_586 (13) 14 :  0.000 0.000 0.999 0.000 0.001
587 12_587 (0) 14 :  0.000 0.000 0.997 0.000 0.003
588 13_588 (0) 14 :  0.000 0.000 1.000 0.000 0.000
589 14_589 (0) 14 :  0.000 0.000 0.998 0.000 0.001
590 15_590 (0) 14 :  0.042 0.000 0.812 0.000 0.147
591 16_591 (6) 14 :  0.000 0.000 1.000 0.000 0.000
592 17_592 (0) 14 :  0.000 0.000 0.992 0.000 0.008
593 18_593 (13) 14 :  0.000 0.000 0.998 0.000 0.002
594 19_594 (0) 14 :  0.000 0.000 0.976 0.000 0.024
595 20_595 (6) 14 :  0.000 0.003 0.980 0.000 0.017
596 21_596 (20) 14 :  0.247 0.000 0.268 0.000 0.484
597 22_597 (0) 14 :  0.000 0.000 1.000 0.000 0.000
598 24_598 (0) 14 :  0.001 0.000 0.995 0.003 0.001
599 25_599 (6) 14 :  0.000 0.000 0.993 0.000 0.007
600 26_600 (0) 14 :  0.000 0.000 0.957 0.000 0.043
601 28_601 (13) 14 :  0.000 0.001 0.966 0.000 0.033
602 29_602 (0) 14 :  0.000 0.000 0.998 0.000 0.001
603 30_603 (0) 14 :  0.044 0.013 0.940 0.001 0.002
604 31_604 (20) 14 :  0.000 0.000 0.996 0.000 0.004
605 32_605 (0) 14 :  0.000 0.000 1.000 0.000 0.000
606 33_606 (6) 14 :  0.000 0.000 1.000 0.000 0.000
607 34_607 (0) 14 :  0.000 0.000 0.996 0.000 0.004
608 35_608 (6) 14 :  0.000 0.000 0.984 0.000 0.016
609 36_609 (20) 14 :  0.021 0.005 0.803 0.120 0.051
610 37_610 (6) 14 :  0.000 0.000 1.000 0.000 0.000
611 38_611 (6) 14 :  0.073 0.000 0.565 0.000 0.362
612 41_612 (0) 14 :  0.000 0.000 0.999 0.000 0.000
613 42_613 (0) 14 :  0.000 0.000 1.000 0.000 0.000
614 43_614 (0) 14 :  0.000 0.000 1.000 0.000 0.000
615 44_615 (0) 14 :  0.000 0.000 0.997 0.000 0.003
616 45_616 (6) 14 :  0.000 0.000 0.998 0.000 0.002
617 46_617 (6) 14 :  0.031 0.000 0.418 0.000 0.551
618 48_618 (6) 14 :  0.000 0.000 0.997 0.000 0.003
619 49_619 (0) 14 :  0.000 0.000 1.000 0.000 0.000
620 50_620 (13) 14 :  0.000 0.000 1.000 0.000 0.000
621 51_621 (6) 14 :  0.000 0.000 0.994 0.000 0.006
622 52_622 (13) 14 :  0.001 0.000 0.993 0.000 0.006
623 53_623 (6) 14 :  0.000 0.000 0.971 0.000 0.029
624 54_624 (13) 14 :  0.009 0.000 0.987 0.000 0.004
625 55_625 (13) 14 :  0.000 0.000 0.931 0.000 0.069
626 56_626 (13) 14 :  0.000 0.000 1.000 0.000 0.000
627 58_627 (13) 14 :  0.000 0.000 0.999 0.000 0.001
628 59_628 (13) 14 :  0.085 0.000 0.185 0.000 0.730
629 60_629 (13) 14 :  0.061 0.005 0.851 0.000 0.083
630 61_630 (13) 14 :  0.003 0.000 0.204 0.000 0.792
631 62_631 (6) 14 :  0.000 0.000 0.981 0.000 0.019
632 63_632 (26) 14 :  0.016 0.000 0.599 0.002 0.383
633 64_633 (13) 14 :  0.001 0.000 0.979 0.000 0.020
634 1_634 (13) 15 :  0.000 0.000 0.234 0.000 0.765
635 3_635 (6) 15 :  0.000 0.000 0.953 0.000 0.048
636 4_636 (0) 15 :  0.000 0.000 0.995 0.000 0.005
637 5_637 (0) 15 :  0.012 0.000 0.709 0.000 0.279
638 6_638 (6) 15 :  0.000 0.000 0.995 0.000 0.005
639 8_639 (6) 15 :  0.000 0.000 0.997 0.000 0.003
640 10_640 (6) 15 :  0.000 0.000 0.999 0.000 0.001
641 11_641 (13) 15 :  0.000 0.000 0.915 0.000 0.085
642 12_642 (13) 15 :  0.000 0.000 0.994 0.000 0.006
643 13_643 (6) 15 :  0.463 0.000 0.228 0.006 0.303
644 16_644 (6) 15 :  0.000 0.000 0.998 0.000 0.002
645 18_645 (0) 15 :  0.009 0.000 0.764 0.001 0.227
646 19_646 (0) 15 :  0.008 0.000 0.889 0.000 0.103
647 20_647 (0) 15 :  0.002 0.000 0.686 0.000 0.312
648 21_648 (20) 15 :  0.010 0.004 0.457 0.001 0.528
649 22_649 (0) 15 :  0.000 0.000 0.999 0.000 0.001
650 23_650 (13) 15 :  0.000 0.000 0.965 0.000 0.035
651 24_651 (0) 15 :  0.000 0.000 0.984 0.000 0.015
652 25_652 (6) 15 :  0.000 0.000 0.869 0.000 0.131
653 26_653 (6) 15 :  0.033 0.000 0.952 0.000 0.014
654 27_654 (6) 15 :  0.046 0.000 0.652 0.000 0.302
655 28_655 (0) 15 :  0.001 0.000 0.690 0.000 0.309
656 30_656 (6) 15 :  0.000 0.000 0.964 0.000 0.036
657 32_657 (0) 15 :  0.000 0.000 0.751 0.000 0.249
658 34_658 (20) 15 :  0.000 0.000 0.988 0.000 0.012
659 36_659 (13) 15 :  0.034 0.000 0.601 0.000 0.365
660 38_660 (0) 15 :  0.001 0.000 0.933 0.000 0.066
661 39_661 (0) 15 :  0.012 0.000 0.005 0.001 0.982
662 41_662 (0) 15 :  0.000 0.000 0.998 0.000 0.002
663 42_663 (13) 15 :  0.006 0.007 0.941 0.029 0.017
664 43_664 (0) 15 :  0.071 0.000 0.804 0.004 0.122
665 44_665 (13) 15 :  0.001 0.000 0.360 0.000 0.638
666 45_666 (0) 15 :  0.004 0.001 0.961 0.001 0.032
667 46_667 (0) 15 :  0.000 0.000 0.997 0.000 0.003
668 47_668 (6) 15 :  0.004 0.039 0.222 0.003 0.731
669 49_669 (6) 15 :  0.000 0.000 0.942 0.000 0.058
670 50_670 (0) 15 :  0.001 0.000 0.980 0.000 0.018
671 51_671 (0) 15 :  0.002 0.000 0.741 0.000 0.258
672 52_672 (0) 15 :  0.000 0.000 0.947 0.000 0.053
673 54_673 (0) 15 :  0.000 0.000 0.432 0.000 0.568
674 55_674 (6) 15 :  0.002 0.000 0.897 0.000 0.101
675 56_675 (26) 15 :  0.008 0.204 0.334 0.017 0.437
676 1_676 (6) 16 :  0.000 0.000 0.997 0.000 0.003
677 3_677 (0) 16 :  0.000 0.000 0.986 0.000 0.014
678 4_678 (0) 16 :  0.022 0.000 0.499 0.000 0.479
679 5_679 (0) 16 :  0.000 0.000 0.993 0.000 0.006
680 7_680 (0) 16 :  0.000 0.000 0.998 0.000 0.002
681 8_681 (6) 16 :  0.002 0.000 0.760 0.000 0.238
682 10_682 (0) 16 :  0.002 0.000 0.997 0.000 0.001
683 11_683 (0) 16 :  0.000 0.005 0.756 0.013 0.226
684 12_684 (0) 16 :  0.115 0.003 0.792 0.001 0.089
685 16_685 (0) 16 :  0.002 0.000 0.787 0.000 0.211
686 17_686 (0) 16 :  0.000 0.000 1.000 0.000 0.000
687 18_687 (0) 16 :  0.002 0.000 0.996 0.000 0.002
688 19_688 (6) 16 :  0.000 0.000 0.987 0.000 0.013
689 22_689 (13) 16 :  0.002 0.000 0.944 0.000 0.054
690 24_690 (0) 16 :  0.000 0.000 0.999 0.000 0.001
691 25_691 (6) 16 :  0.000 0.000 0.992 0.000 0.007
692 26_692 (0) 16 :  0.000 0.000 0.759 0.000 0.240
693 29_693 (0) 16 :  0.000 0.000 0.999 0.000 0.001
694 31_694 (0) 16 :  0.000 0.000 0.989 0.000 0.011
695 32_695 (0) 16 :  0.388 0.000 0.572 0.000 0.040
696 35_696 (0) 16 :  0.000 0.000 0.998 0.000 0.002
697 36_697 (0) 16 :  0.630 0.000 0.118 0.001 0.251
698 37_698 (0) 16 :  0.000 0.000 0.987 0.000 0.013
699 38_699 (0) 16 :  0.388 0.000 0.479 0.000 0.133
700 40_700 (0) 16 :  0.000 0.000 0.994 0.000 0.006
701 43_701 (0) 16 :  0.003 0.000 0.986 0.000 0.011
702 44_702 (0) 16 :  0.001 0.000 0.990 0.000 0.009
703 46_703 (0) 16 :  0.000 0.000 0.962 0.000 0.038
704 49_704 (6) 16 :  0.020 0.000 0.860 0.000 0.120
705 51_705 (0) 16 :  0.000 0.000 0.948 0.000 0.052
706 52_706 (0) 16 :  0.046 0.000 0.366 0.000 0.588
707 53_707 (6) 16 :  0.018 0.000 0.021 0.012 0.948
708 54_708 (20) 16 :  0.001 0.000 0.829 0.000 0.170
709 55_709 (20) 16 :  0.001 0.029 0.071 0.886 0.013
710 56_710 (6) 16 :  0.000 0.000 0.998 0.000 0.002
711 58_711 (6) 16 :  0.001 0.000 0.645 0.003 0.351
712 59_712 (6) 16 :  0.000 0.000 1.000 0.000 0.000
713 60_713 (13) 16 :  0.000 0.000 0.997 0.000 0.003
714 61_714 (0) 16 :  0.001 0.000 0.996 0.000 0.003
715 62_715 (0) 16 :  0.000 0.000 0.764 0.000 0.236
716 63_716 (0) 16 :  0.000 0.000 0.843 0.000 0.157
717 64_717 (20) 16 :  0.000 0.000 0.984 0.000 0.016
718 1_718 (20) 17 :  0.000 0.002 0.942 0.001 0.055
719 3_719 (0) 17 :  0.000 0.000 0.991 0.000 0.008
720 5_720 (0) 17 :  0.000 0.000 0.741 0.000 0.259
721 9_721 (20) 17 :  0.168 0.136 0.579 0.092 0.025
722 11_722 (6) 17 :  0.003 0.000 0.641 0.000 0.356
723 16_723 (6) 17 :  0.000 0.000 0.999 0.000 0.001
724 17_724 (20) 17 :  0.000 0.000 0.738 0.000 0.261
725 18_725 (26) 17 :  0.057 0.000 0.542 0.000 0.401
726 19_726 (0) 17 :  0.000 0.000 0.919 0.000 0.081
727 20_727 (0) 17 :  0.000 0.000 0.981 0.000 0.019
728 21_728 (6) 17 :  0.002 0.000 0.867 0.000 0.131
729 22_729 (0) 17 :  0.000 0.000 0.994 0.000 0.006
730 23_730 (0) 17 :  0.005 0.000 0.795 0.000 0.200
731 25_731 (13) 17 :  0.000 0.000 0.921 0.000 0.079
732 26_732 (26) 17 :  0.000 0.000 0.735 0.000 0.265
733 27_733 (6) 17 :  0.000 0.000 0.694 0.000 0.306
734 30_734 (0) 17 :  0.001 0.000 0.988 0.001 0.010
735 31_735 (0) 17 :  0.009 0.000 0.987 0.000 0.004
736 32_736 (6) 17 :  0.000 0.000 0.738 0.000 0.262
737 33_737 (13) 17 :  0.000 0.000 0.993 0.000 0.007
738 34_738 (0) 17 :  0.000 0.000 0.705 0.000 0.295
739 35_739 (0) 17 :  0.000 0.000 0.963 0.000 0.037
740 36_740 (6) 17 :  0.030 0.004 0.689 0.021 0.256
741 42_741 (0) 17 :  0.000 0.000 0.991 0.000 0.009
742 46_742 (0) 17 :  0.000 0.000 0.988 0.000 0.012
743 1_743 (0) 18 :  0.074 0.000 0.000 0.000 0.925
744 2_744 (0) 18 :  0.001 0.000 0.219 0.035 0.744
745 4_745 (6) 18 :  0.007 0.000 0.271 0.000 0.721
746 5_746 (13) 18 :  0.005 0.000 0.188 0.000 0.807
747 6_747 (0) 18 :  0.001 0.000 0.010 0.000 0.989
748 7_748 (6) 18 :  0.000 0.002 0.012 0.012 0.974
749 8_749 (13) 18 :  0.000 0.000 0.415 0.000 0.584
750 12_750 (0) 18 :  0.009 0.000 0.000 0.003 0.987
751 13_751 (0) 18 :  0.000 0.000 0.018 0.000 0.981
752 14_752 (0) 18 :  0.000 0.000 0.788 0.003 0.209
753 15_753 (40) 18 :  0.986 0.004 0.000 0.001 0.009
754 16_754 (0) 18 :  0.000 0.000 0.000 0.000 1.000
755 17_755 (0) 18 :  0.002 0.000 0.000 0.001 0.997
756 20_756 (0) 18 :  0.000 0.000 0.737 0.000 0.263
757 21_757 (0) 18 :  0.001 0.000 0.095 0.000 0.904
758 22_758 (0) 18 :  0.012 0.000 0.117 0.000 0.871
759 23_759 (6) 18 :  0.000 0.000 0.060 0.000 0.940
760 24_760 (6) 18 :  0.762 0.001 0.001 0.000 0.237
761 27_761 (0) 18 :  0.000 0.000 0.741 0.000 0.258
762 32_762 (0) 18 :  0.002 0.000 0.223 0.000 0.775
763 35_763 (0) 18 :  0.000 0.000 0.011 0.000 0.988
764 37_764 (0) 18 :  0.000 0.000 0.378 0.000 0.621
765 38_765 (0) 18 :  0.000 0.000 0.007 0.000 0.993
766 40_766 (0) 18 :  0.000 0.000 0.001 0.000 0.999
767 42_767 (0) 18 :  0.000 0.000 0.179 0.000 0.821
768 46_768 (0) 18 :  0.007 0.000 0.020 0.000 0.973
769 47_769 (0) 18 :  0.000 0.000 0.003 0.000 0.997
770 48_770 (0) 18 :  0.000 0.000 0.133 0.012 0.854
771 49_771 (6) 18 :  0.047 0.000 0.019 0.000 0.934
772 50_772 (20) 18 :  0.031 0.000 0.000 0.010 0.958
773 51_773 (46) 18 :  0.002 0.000 0.709 0.000 0.289
774 53_774 (46) 18 :  0.011 0.008 0.869 0.006 0.106
775 54_775 (33) 18 :  0.629 0.001 0.261 0.002 0.107
776 55_776 (46) 18 :  0.016 0.000 0.216 0.001 0.767
777 57_777 (6) 18 :  0.000 0.000 0.002 0.000 0.998
778 58_778 (0) 18 :  0.108 0.000 0.003 0.000 0.889
779 60_779 (13) 18 :  0.272 0.002 0.462 0.002 0.263
780 64_780 (0) 18 :  0.009 0.000 0.227 0.000 0.763
781 1_781 (26) 19 :  0.379 0.004 0.000 0.032 0.585
782 3_782 (6) 19 :  0.003 0.039 0.338 0.002 0.618
783 4_783 (6) 19 :  0.404 0.417 0.002 0.020 0.157
784 8_784 (6) 19 :  0.005 0.000 0.293 0.000 0.702
785 9_785 (46) 19 :  0.000 0.001 0.000 0.001 0.998
786 11_786 (6) 19 :  0.355 0.006 0.051 0.302 0.286
787 12_787 (6) 19 :  0.010 0.012 0.020 0.008 0.950
788 20_788 (6) 19 :  0.000 0.001 0.818 0.001 0.180
789 21_789 (26) 19 :  0.115 0.019 0.016 0.023 0.827
790 22_790 (20) 19 :  0.000 0.009 0.002 0.003 0.986
791 25_791 (6) 19 :  0.002 0.014 0.180 0.001 0.804
792 26_792 (13) 19 :  0.271 0.311 0.028 0.358 0.031
793 27_793 (6) 19 :  0.246 0.592 0.022 0.134 0.006
794 31_794 (13) 19 :  0.003 0.000 0.000 0.001 0.996
795 37_795 (6) 19 :  0.001 0.001 0.000 0.154 0.844
