  1:     0.952  0.000  0.048       21
  2:     0.972  0.000  0.028       36
  3:     0.879  0.045  0.076       66
  4:     0.827  0.077  0.096       52
  5:     0.845  0.113  0.042       71
  6:     0.978  0.000  0.022       46
  7:     0.966  0.034  0.000       58
  8:     0.931  0.034  0.034       58
  9:     0.970  0.000  0.030       33
 10:     1.000  0.000  0.000       27
 11:     0.880  0.040  0.080       25
 12:     0.935  0.065  0.000       31
 13:     1.000  0.000  0.000       52
 14:     1.000  0.000  0.000       57
 15:     0.976  0.000  0.024       42
 16:     0.952  0.024  0.024       42
 17:     0.960  0.040  0.000       25
 18:     0.789  0.000  0.211       38
 19:     0.629  0.229  0.143       35
 20:     0.719  0.088  0.193       57
 21:     0.750  0.125  0.125        8
 22:     0.593  0.185  0.222       54
 23:     0.893  0.053  0.053       75
 24:     0.740  0.140  0.120       50
 25:     0.833  0.048  0.119       42
 26:     0.690  0.071  0.238       42
 27:     0.037  0.296  0.667       27
 28:     0.074  0.185  0.741       27
 29:     0.036  0.143  0.821       56
 30:     0.000  0.155  0.845       58
 31:     0.049  0.049  0.902       41
 32:     0.000  0.038  0.962       26
 33:     0.176  0.020  0.804       51
 34:     0.000  0.161  0.839       31
 35:     0.019  0.077  0.904       52
 36:     0.000  0.047  0.953       43
 37:     0.043  0.043  0.913       23
 38:     0.000  0.048  0.952       42
 39:     0.049  0.024  0.927       41
 40:     0.061  0.061  0.879       33
 41:     0.038  0.038  0.923       26
 42:     0.029  0.057  0.914       35
 43:     0.000  0.000  1.000       22
 44:     0.096  0.231  0.673       52
 45:     0.073  0.171  0.756       41
 46:     0.022  0.630  0.348       46
 47:     0.000  0.868  0.132       38
 48:     0.000  0.931  0.069       58
 49:     0.018  0.873  0.109       55
 50:     0.033  0.951  0.016       61
 51:     0.029  0.800  0.171       35
 52:     0.000  0.957  0.043       23
 53:     0.038  0.885  0.077       52
 54:     0.000  0.955  0.045       22
 55:     0.000  0.971  0.029       35
 56:     0.000  0.929  0.071       14
 57:     0.000  0.976  0.024       42
 58:     0.051  0.923  0.026       39
 59:     0.018  0.946  0.036       56
 60:     0.041  0.918  0.041       49
 61:     0.000  1.000  0.000       27
 62:     0.000  1.000  0.000       41
 63:     0.000  1.000  0.000       33
