  1:     0.000  0.000  0.946  0.023  0.030       21
  2:     0.000  0.003  0.707  0.011  0.278       36
  3:     0.026  0.035  0.774  0.048  0.118       66
  4:     0.062  0.040  0.704  0.050  0.144       52
  5:     0.105  0.007  0.692  0.035  0.161       71
  6:     0.000  0.001  0.888  0.014  0.096       46
  7:     0.013  0.002  0.835  0.003  0.148       58
  8:     0.028  0.025  0.825  0.018  0.103       58
  9:     0.001  0.013  0.806  0.041  0.139       33
 10:     0.012  0.032  0.901  0.001  0.053       27
 11:     0.046  0.002  0.809  0.077  0.067       25
 12:     0.038  0.007  0.870  0.011  0.075       31
 13:     0.000  0.002  0.876  0.007  0.116       52
 14:     0.000  0.002  0.893  0.015  0.089       57
 15:     0.006  0.002  0.779  0.018  0.196       42
 16:     0.001  0.022  0.825  0.039  0.113       42
 17:     0.006  0.005  0.845  0.011  0.134       25
 18:     0.000  0.002  0.195  0.079  0.723       38
 19:     0.109  0.057  0.126  0.122  0.586       35
 20:     0.072  0.021  0.091  0.090  0.726       57
 21:     0.120  0.005  0.192  0.122  0.561        8
 22:     0.084  0.050  0.049  0.055  0.762       54
 23:     0.005  0.010  0.054  0.017  0.914       75
 24:     0.048  0.009  0.052  0.058  0.834       50
 25:     0.002  0.012  0.078  0.024  0.883       42
 26:     0.015  0.022  0.023  0.029  0.910       42
 27:     0.081  0.231  0.013  0.537  0.138       27
 28:     0.085  0.223  0.033  0.499  0.160       27
 29:     0.033  0.101  0.046  0.727  0.094       56
 30:     0.030  0.173  0.005  0.729  0.063       58
 31:     0.017  0.093  0.007  0.786  0.097       41
 32:     0.019  0.021  0.005  0.921  0.034       26
 33:     0.003  0.029  0.099  0.708  0.161       51
 34:     0.053  0.145  0.001  0.745  0.057       31
 35:     0.019  0.064  0.006  0.852  0.059       52
 36:     0.012  0.077  0.004  0.846  0.060       43
 37:     0.043  0.020  0.032  0.897  0.008       23
 38:     0.042  0.057  0.006  0.834  0.062       42
 39:     0.001  0.010  0.045  0.807  0.137       41
 40:     0.019  0.066  0.021  0.826  0.069       33
 41:     0.041  0.071  0.014  0.811  0.063       26
 42:     0.017  0.053  0.004  0.792  0.134       35
 43:     0.004  0.085  0.001  0.871  0.039       22
 44:     0.149  0.097  0.048  0.598  0.108       52
 45:     0.027  0.183  0.036  0.651  0.103       41
 46:     0.095  0.711  0.002  0.149  0.044       46
 47:     0.019  0.906  0.001  0.066  0.008       38
 48:     0.039  0.888  0.001  0.057  0.015       58
 49:     0.045  0.887  0.003  0.049  0.015       55
 50:     0.048  0.897  0.017  0.019  0.019       61
 51:     0.135  0.721  0.011  0.099  0.034       35
 52:     0.170  0.796  0.000  0.027  0.008       23
 53:     0.665  0.202  0.015  0.055  0.062       52
 54:     0.229  0.672  0.000  0.021  0.078       22
 55:     0.278  0.682  0.001  0.004  0.035       35
 56:     0.293  0.697  0.000  0.008  0.001       14
 57:     0.624  0.302  0.001  0.040  0.034       42
 58:     0.550  0.322  0.001  0.051  0.077       39
 59:     0.873  0.044  0.012  0.058  0.012       56
 60:     0.891  0.055  0.009  0.018  0.028       49
 61:     0.935  0.062  0.000  0.001  0.002       27
 62:     0.952  0.039  0.003  0.005  0.001       41
 63:     0.962  0.036  0.000  0.000  0.001       33
