  1:     0.000  0.000  0.000  0.000  0.952  0.048       21
  2:     0.000  0.111  0.000  0.000  0.861  0.028       36
  3:     0.015  0.076  0.061  0.045  0.758  0.045       66
  4:     0.077  0.096  0.038  0.000  0.712  0.077       52
  5:     0.099  0.127  0.000  0.000  0.648  0.127       71
  6:     0.000  0.000  0.000  0.000  0.957  0.043       46
  7:     0.034  0.052  0.000  0.000  0.897  0.017       58
  8:     0.052  0.052  0.000  0.000  0.845  0.052       58
  9:     0.000  0.091  0.000  0.000  0.788  0.121       33
 10:     0.000  0.000  0.000  0.037  0.963  0.000       27
 11:     0.040  0.000  0.080  0.000  0.880  0.000       25
 12:     0.032  0.032  0.000  0.000  0.903  0.032       31
 13:     0.000  0.077  0.000  0.000  0.923  0.000       52
 14:     0.000  0.053  0.000  0.000  0.947  0.000       57
 15:     0.000  0.119  0.024  0.000  0.833  0.024       42
 16:     0.000  0.071  0.024  0.000  0.881  0.024       42
 17:     0.000  0.000  0.000  0.000  1.000  0.000       25
 18:     0.000  0.711  0.079  0.000  0.211  0.000       38
 19:     0.029  0.429  0.029  0.029  0.171  0.314       35
 20:     0.053  0.702  0.070  0.000  0.070  0.105       57
 21:     0.000  0.625  0.125  0.125  0.125  0.000        8
 22:     0.074  0.722  0.000  0.056  0.056  0.093       54
 23:     0.000  0.880  0.000  0.000  0.067  0.053       75
 24:     0.040  0.840  0.060  0.020  0.020  0.020       50
 25:     0.000  0.857  0.000  0.000  0.119  0.024       42
 26:     0.000  0.976  0.000  0.000  0.000  0.024       42
 27:     0.148  0.148  0.444  0.000  0.000  0.259       27
 28:     0.074  0.074  0.444  0.111  0.000  0.296       27
 29:     0.000  0.071  0.625  0.000  0.036  0.268       56
 30:     0.017  0.052  0.621  0.103  0.000  0.207       58
 31:     0.024  0.073  0.854  0.024  0.000  0.024       41
 32:     0.000  0.038  0.923  0.000  0.000  0.038       26
 33:     0.000  0.098  0.647  0.000  0.039  0.216       51
 34:     0.032  0.000  0.645  0.065  0.000  0.258       31
 35:     0.000  0.038  0.769  0.019  0.000  0.173       52
 36:     0.000  0.023  0.814  0.070  0.000  0.093       43
 37:     0.043  0.000  0.913  0.043  0.000  0.000       23
 38:     0.048  0.048  0.833  0.024  0.000  0.048       42
 39:     0.000  0.122  0.829  0.000  0.024  0.024       41
 40:     0.000  0.030  0.667  0.000  0.000  0.303       33
 41:     0.000  0.077  0.731  0.000  0.000  0.192       26
 42:     0.000  0.143  0.743  0.000  0.000  0.114       35
 43:     0.000  0.045  0.818  0.045  0.000  0.091       22
 44:     0.135  0.058  0.519  0.019  0.058  0.212       52
 45:     0.000  0.024  0.537  0.049  0.024  0.366       41
 46:     0.065  0.000  0.065  0.804  0.000  0.065       46
 47:     0.000  0.000  0.000  0.921  0.000  0.079       38
 48:     0.017  0.000  0.069  0.741  0.000  0.172       58
 49:     0.036  0.000  0.018  0.818  0.000  0.127       55
 50:     0.016  0.016  0.000  0.836  0.016  0.115       61
 51:     0.057  0.000  0.086  0.657  0.000  0.200       35
 52:     0.130  0.000  0.000  0.783  0.000  0.087       23
 53:     0.558  0.038  0.019  0.154  0.019  0.212       52
 54:     0.182  0.091  0.000  0.682  0.000  0.045       22
 55:     0.257  0.029  0.000  0.686  0.000  0.029       35
 56:     0.286  0.000  0.000  0.714  0.000  0.000       14
 57:     0.524  0.024  0.024  0.190  0.000  0.238       42
 58:     0.487  0.026  0.077  0.231  0.000  0.179       39
 59:     0.875  0.000  0.000  0.000  0.018  0.107       56
 60:     0.898  0.020  0.000  0.020  0.000  0.061       49
 61:     0.926  0.000  0.000  0.037  0.000  0.037       27
 62:     0.951  0.000  0.000  0.000  0.000  0.049       41
 63:     0.939  0.000  0.000  0.030  0.000  0.030       33
