  1:     0.000  0.000  1.000  0.000       21
  2:     0.000  0.028  0.972  0.000       36
  3:     0.076  0.045  0.864  0.015       66
  4:     0.058  0.077  0.808  0.058       52
  5:     0.028  0.014  0.845  0.113       71
  6:     0.022  0.000  0.978  0.000       46
  7:     0.000  0.000  0.966  0.034       58
  8:     0.000  0.034  0.931  0.034       58
  9:     0.030  0.030  0.939  0.000       33
 10:     0.000  0.037  0.926  0.037       27
 11:     0.080  0.000  0.880  0.040       25
 12:     0.000  0.000  0.935  0.065       31
 13:     0.000  0.000  1.000  0.000       52
 14:     0.000  0.000  1.000  0.000       57
 15:     0.024  0.000  0.976  0.000       42
 16:     0.048  0.024  0.929  0.000       42
 17:     0.000  0.000  1.000  0.000       25
 18:     0.158  0.053  0.789  0.000       38
 19:     0.086  0.171  0.543  0.200       35
 20:     0.175  0.053  0.684  0.088       57
 21:     0.125  0.000  0.750  0.125        8
 22:     0.167  0.185  0.556  0.093       54
 23:     0.067  0.080  0.853  0.000       75
 24:     0.100  0.040  0.740  0.120       50
 25:     0.071  0.071  0.857  0.000       42
 26:     0.214  0.071  0.667  0.048       42
 27:     0.667  0.185  0.037  0.111       27
 28:     0.407  0.407  0.111  0.074       27
 29:     0.821  0.071  0.036  0.071       56
 30:     0.776  0.172  0.000  0.052       58
 31:     0.829  0.098  0.049  0.024       41
 32:     0.962  0.000  0.000  0.038       26
 33:     0.784  0.039  0.176  0.000       51
 34:     0.742  0.194  0.000  0.065       31
 35:     0.865  0.096  0.019  0.019       52
 36:     0.884  0.093  0.000  0.023       43
 37:     0.913  0.000  0.043  0.043       23
 38:     0.905  0.048  0.000  0.048       42
 39:     0.951  0.024  0.024  0.000       41
 40:     0.879  0.030  0.061  0.030       33
 41:     0.846  0.077  0.038  0.038       26
 42:     0.886  0.057  0.029  0.029       35
 43:     0.864  0.091  0.045  0.000       22
 44:     0.635  0.154  0.096  0.115       52
 45:     0.610  0.341  0.024  0.024       41
 46:     0.152  0.717  0.000  0.130       46
 47:     0.000  0.974  0.000  0.026       38
 48:     0.034  0.931  0.000  0.034       58
 49:     0.036  0.909  0.000  0.055       55
 50:     0.000  0.918  0.033  0.049       61
 51:     0.086  0.743  0.000  0.171       35
 52:     0.000  0.826  0.000  0.174       23
 53:     0.038  0.154  0.038  0.769       52
 54:     0.000  0.682  0.000  0.318       22
 55:     0.000  0.600  0.000  0.400       35
 56:     0.000  0.643  0.000  0.357       14
 57:     0.048  0.310  0.000  0.643       42
 58:     0.026  0.308  0.026  0.641       39
 59:     0.018  0.036  0.018  0.929       56
 60:     0.000  0.020  0.020  0.959       49
 61:     0.000  0.074  0.000  0.926       27
 62:     0.000  0.000  0.000  1.000       41
 63:     0.000  0.030  0.000  0.970       33
