1 4_1 (0) 1 :  0.978 0.000 0.000 0.000 0.000 0.022
2 6_2 (0) 1 :  1.000 0.000 0.000 0.000 0.000 0.000
3 10_3 (0) 1 :  0.997 0.000 0.000 0.000 0.000 0.003
4 11_4 (0) 1 :  0.999 0.000 0.000 0.000 0.000 0.001
5 12_5 (0) 1 :  1.000 0.000 0.000 0.000 0.000 0.000
6 13_6 (0) 1 :  0.996 0.000 0.000 0.000 0.000 0.004
7 18_7 (6) 1 :  0.974 0.003 0.000 0.000 0.000 0.023
8 19_8 (0) 1 :  0.930 0.000 0.000 0.000 0.000 0.070
9 20_9 (0) 1 :  1.000 0.000 0.000 0.000 0.000 0.000
10 21_10 (0) 1 :  0.989 0.009 0.000 0.000 0.000 0.002
11 22_11 (6) 1 :  0.978 0.004 0.000 0.000 0.000 0.018
12 24_12 (20) 1 :  0.986 0.006 0.003 0.001 0.001 0.004
13 26_13 (0) 1 :  0.203 0.778 0.001 0.000 0.000 0.018
14 31_14 (0) 1 :  0.999 0.000 0.000 0.000 0.000 0.000
15 33_15 (6) 1 :  0.986 0.000 0.000 0.000 0.000 0.014
16 34_16 (6) 1 :  0.993 0.000 0.000 0.000 0.000 0.007
17 37_17 (0) 1 :  1.000 0.000 0.000 0.000 0.000 0.000
18 38_18 (0) 1 :  1.000 0.000 0.000 0.000 0.000 0.000
19 39_19 (0) 1 :  0.999 0.000 0.000 0.000 0.000 0.001
20 46_20 (0) 1 :  0.959 0.000 0.000 0.000 0.000 0.041
21 48_21 (6) 1 :  1.000 0.000 0.000 0.000 0.000 0.000
22 1_22 (13) 2 :  1.000 0.000 0.000 0.000 0.000 0.000
23 2_23 (6) 2 :  0.999 0.000 0.000 0.000 0.000 0.001
24 3_24 (0) 2 :  0.945 0.000 0.000 0.000 0.000 0.055
25 4_25 (0) 2 :  0.999 0.000 0.000 0.000 0.000 0.001
26 6_26 (0) 2 :  0.042 0.003 0.000 0.000 0.000 0.956
27 7_27 (6) 2 :  0.686 0.009 0.027 0.000 0.045 0.233
28 8_28 (26) 2 :  0.967 0.000 0.000 0.000 0.000 0.033
29 9_29 (26) 2 :  0.277 0.000 0.000 0.000 0.000 0.722
30 10_30 (0) 2 :  0.856 0.000 0.001 0.000 0.000 0.143
31 11_31 (26) 2 :  0.000 0.087 0.000 0.000 0.000 0.912
32 12_32 (0) 2 :  0.734 0.000 0.000 0.000 0.000 0.265
33 13_33 (0) 2 :  0.991 0.000 0.000 0.000 0.000 0.009
34 14_34 (13) 2 :  0.845 0.000 0.000 0.000 0.003 0.152
35 16_35 (13) 2 :  0.998 0.000 0.000 0.000 0.000 0.001
36 17_36 (6) 2 :  0.240 0.005 0.013 0.000 0.000 0.741
37 18_37 (13) 2 :  0.628 0.000 0.001 0.000 0.000 0.371
38 19_38 (13) 2 :  0.975 0.000 0.000 0.000 0.000 0.025
39 21_39 (6) 2 :  0.684 0.021 0.000 0.000 0.000 0.294
40 22_40 (0) 2 :  0.691 0.000 0.000 0.000 0.000 0.309
41 24_41 (0) 2 :  0.920 0.000 0.000 0.000 0.000 0.080
42 25_42 (6) 2 :  1.000 0.000 0.000 0.000 0.000 0.000
43 26_43 (20) 2 :  0.890 0.001 0.000 0.000 0.000 0.109
44 27_44 (0) 2 :  0.992 0.000 0.000 0.000 0.000 0.008
45 28_45 (0) 2 :  1.000 0.000 0.000 0.000 0.000 0.000
46 30_46 (0) 2 :  0.982 0.000 0.000 0.000 0.000 0.018
47 31_47 (0) 2 :  0.995 0.001 0.000 0.000 0.000 0.004
48 32_48 (13) 2 :  0.637 0.000 0.008 0.010 0.000 0.345
49 33_49 (0) 2 :  0.976 0.000 0.000 0.000 0.000 0.024
50 36_50 (6) 2 :  0.997 0.000 0.000 0.000 0.000 0.003
51 37_51 (0) 2 :  0.147 0.000 0.000 0.000 0.000 0.853
52 38_52 (0) 2 :  0.869 0.000 0.006 0.000 0.000 0.125
53 39_53 (13) 2 :  0.542 0.000 0.001 0.000 0.000 0.457
54 41_54 (0) 2 :  0.947 0.000 0.000 0.000 0.001 0.053
55 45_55 (0) 2 :  0.955 0.003 0.000 0.000 0.000 0.042
56 46_56 (0) 2 :  0.995 0.000 0.000 0.000 0.000 0.005
57 47_57 (6) 2 :  0.914 0.000 0.000 0.000 0.000 0.086
58 1_58 (6) 3 :  1.000 0.000 0.000 0.000 0.000 0.000
59 2_59 (13) 3 :  0.158 0.716 0.117 0.000 0.002 0.006
60 3_60 (13) 3 :  0.821 0.000 0.000 0.000 0.000 0.178
61 5_61 (6) 3 :  0.998 0.000 0.000 0.000 0.000 0.002
62 7_62 (13) 3 :  0.997 0.000 0.000 0.000 0.000 0.003
63 9_63 (13) 3 :  0.642 0.019 0.000 0.000 0.000 0.340
64 10_64 (13) 3 :  0.997 0.000 0.000 0.000 0.000 0.003
65 11_65 (46) 3 :  0.963 0.000 0.001 0.001 0.000 0.034
66 14_66 (80) 3 :  0.685 0.043 0.005 0.001 0.000 0.266
67 15_67 (6) 3 :  0.982 0.000 0.000 0.000 0.000 0.018
68 16_68 (20) 3 :  0.728 0.000 0.000 0.000 0.000 0.272
69 17_69 (73) 3 :  0.017 0.009 0.015 0.079 0.029 0.851
70 18_70 (20) 3 :  0.990 0.000 0.000 0.000 0.000 0.009
71 20_71 (20) 3 :  0.274 0.019 0.000 0.000 0.000 0.706
72 21_72 (13) 3 :  1.000 0.000 0.000 0.000 0.000 0.000
73 22_73 (6) 3 :  0.966 0.029 0.000 0.000 0.000 0.004
74 23_74 (6) 3 :  0.970 0.000 0.000 0.000 0.000 0.030
75 24_75 (13) 3 :  1.000 0.000 0.000 0.000 0.000 0.000
76 25_76 (26) 3 :  0.825 0.001 0.000 0.000 0.000 0.174
77 26_77 (53) 3 :  0.000 0.071 0.000 0.000 0.000 0.928
78 27_78 (26) 3 :  0.978 0.001 0.000 0.000 0.000 0.021
79 28_79 (20) 3 :  0.352 0.010 0.000 0.004 0.001 0.633
80 29_80 (13) 3 :  0.997 0.000 0.000 0.000 0.000 0.003
81 30_81 (13) 3 :  0.993 0.000 0.000 0.000 0.000 0.007
82 31_82 (6) 3 :  0.999 0.000 0.000 0.000 0.001 0.000
83 32_83 (20) 3 :  1.000 0.000 0.000 0.000 0.000 0.000
84 33_84 (26) 3 :  0.778 0.053 0.001 0.000 0.000 0.168
85 34_85 (46) 3 :  0.030 0.013 0.001 0.003 0.001 0.953
86 36_86 (73) 3 :  0.076 0.002 0.125 0.703 0.087 0.007
87 38_87 (26) 3 :  0.994 0.004 0.000 0.000 0.000 0.002
88 39_88 (60) 3 :  0.000 0.032 0.000 0.000 0.002 0.965
89 40_89 (33) 3 :  0.999 0.000 0.000 0.000 0.000 0.001
90 41_90 (73) 3 :  0.990 0.001 0.000 0.000 0.000 0.009
91 42_91 (6) 3 :  0.960 0.003 0.022 0.000 0.004 0.012
92 43_92 (13) 3 :  0.998 0.000 0.000 0.000 0.000 0.002
93 44_93 (33) 3 :  0.744 0.163 0.001 0.004 0.008 0.080
94 46_94 (86) 3 :  0.002 0.007 0.002 0.456 0.531 0.002
95 47_95 (26) 3 :  0.016 0.162 0.213 0.009 0.573 0.026
96 48_96 (33) 3 :  0.999 0.000 0.000 0.000 0.000 0.001
97 50_97 (6) 3 :  0.784 0.000 0.000 0.000 0.000 0.216
98 52_98 (0) 3 :  0.999 0.000 0.000 0.000 0.000 0.001
99 54_99 (26) 3 :  0.412 0.505 0.024 0.004 0.033 0.022
100 55_100 (13) 3 :  1.000 0.000 0.000 0.000 0.000 0.000
101 56_101 (0) 3 :  0.992 0.000 0.000 0.000 0.000 0.008
102 57_102 (13) 3 :  0.998 0.000 0.000 0.000 0.000 0.002
103 58_103 (6) 3 :  0.962 0.023 0.000 0.000 0.000 0.016
104 59_104 (6) 3 :  1.000 0.000 0.000 0.000 0.000 0.000
105 60_105 (0) 3 :  0.999 0.000 0.000 0.000 0.000 0.001
106 63_106 (0) 3 :  1.000 0.000 0.000 0.000 0.000 0.000
107 64_107 (0) 3 :  1.000 0.000 0.000 0.000 0.000 0.000
108 65_108 (0) 3 :  0.993 0.000 0.000 0.000 0.000 0.007
109 66_109 (6) 3 :  1.000 0.000 0.000 0.000 0.000 0.000
110 67_110 (6) 3 :  0.971 0.000 0.000 0.000 0.000 0.028
111 69_111 (0) 3 :  0.987 0.000 0.000 0.000 0.000 0.013
112 73_112 (20) 3 :  0.993 0.000 0.001 0.000 0.000 0.005
113 76_113 (6) 3 :  0.999 0.000 0.000 0.000 0.000 0.001
114 78_114 (20) 3 :  1.000 0.000 0.000 0.000 0.000 0.000
115 80_115 (6) 3 :  0.996 0.003 0.000 0.000 0.000 0.000
116 81_116 (0) 3 :  0.999 0.000 0.000 0.000 0.000 0.001
117 82_117 (93) 3 :  0.200 0.293 0.113 0.119 0.147 0.128
118 83_118 (6) 3 :  1.000 0.000 0.000 0.000 0.000 0.000
119 84_119 (6) 3 :  0.986 0.002 0.004 0.000 0.003 0.006
120 85_120 (26) 3 :  1.000 0.000 0.000 0.000 0.000 0.000
121 86_121 (6) 3 :  0.914 0.051 0.001 0.000 0.000 0.034
122 87_122 (0) 3 :  0.989 0.007 0.000 0.000 0.000 0.004
123 88_123 (6) 3 :  0.005 0.005 0.964 0.000 0.001 0.025
124 1_124 (33) 4 :  0.746 0.004 0.003 0.231 0.000 0.016
125 3_125 (0) 4 :  0.001 0.023 0.740 0.001 0.227 0.008
126 5_126 (6) 4 :  0.996 0.001 0.000 0.000 0.000 0.003
127 8_127 (13) 4 :  0.000 0.003 0.028 0.000 0.001 0.967
128 9_128 (13) 4 :  0.996 0.000 0.000 0.000 0.000 0.004
129 10_129 (13) 4 :  0.001 0.134 0.000 0.020 0.032 0.812
130 11_130 (6) 4 :  0.998 0.000 0.000 0.000 0.000 0.002
131 12_131 (0) 4 :  0.059 0.000 0.000 0.879 0.000 0.061
132 13_132 (6) 4 :  1.000 0.000 0.000 0.000 0.000 0.000
133 15_133 (13) 4 :  0.888 0.000 0.000 0.000 0.000 0.112
134 16_134 (6) 4 :  1.000 0.000 0.000 0.000 0.000 0.000
135 18_135 (0) 4 :  1.000 0.000 0.000 0.000 0.000 0.000
136 19_136 (6) 4 :  0.142 0.823 0.000 0.000 0.029 0.007
137 20_137 (0) 4 :  1.000 0.000 0.000 0.000 0.000 0.000
138 21_138 (0) 4 :  0.848 0.000 0.000 0.000 0.000 0.151
139 22_139 (0) 4 :  0.999 0.000 0.000 0.000 0.000 0.000
140 23_140 (0) 4 :  0.999 0.000 0.000 0.000 0.000 0.001
141 24_141 (6) 4 :  0.204 0.222 0.093 0.441 0.001 0.038
142 25_142 (6) 4 :  1.000 0.000 0.000 0.000 0.000 0.000
143 26_143 (0) 4 :  0.981 0.002 0.000 0.000 0.000 0.017
144 27_144 (0) 4 :  0.998 0.000 0.000 0.000 0.000 0.002
145 28_145 (0) 4 :  0.080 0.000 0.003 0.000 0.000 0.917
146 29_146 (0) 4 :  0.004 0.000 0.714 0.164 0.104 0.014
147 30_147 (0) 4 :  0.998 0.000 0.000 0.000 0.000 0.002
148 31_148 (0) 4 :  0.999 0.000 0.000 0.000 0.000 0.001
149 32_149 (0) 4 :  0.997 0.000 0.000 0.001 0.000 0.002
150 33_150 (0) 4 :  0.010 0.000 0.000 0.000 0.000 0.990
151 34_151 (6) 4 :  0.994 0.000 0.000 0.000 0.000 0.006
152 35_152 (6) 4 :  0.000 0.000 0.118 0.881 0.001 0.000
153 36_153 (0) 4 :  0.008 0.059 0.839 0.014 0.045 0.035
154 37_154 (0) 4 :  0.993 0.000 0.000 0.000 0.000 0.007
155 38_155 (6) 4 :  1.000 0.000 0.000 0.000 0.000 0.000
156 39_156 (0) 4 :  0.953 0.001 0.000 0.000 0.000 0.047
157 41_157 (6) 4 :  0.959 0.001 0.000 0.000 0.001 0.039
158 42_158 (0) 4 :  0.002 0.000 0.000 0.996 0.000 0.002
159 44_159 (6) 4 :  0.953 0.000 0.000 0.000 0.000 0.047
160 46_160 (6) 4 :  0.999 0.000 0.000 0.000 0.000 0.001
161 47_161 (0) 4 :  0.867 0.001 0.000 0.004 0.000 0.129
162 50_162 (6) 4 :  0.684 0.046 0.001 0.000 0.000 0.269
163 51_163 (0) 4 :  1.000 0.000 0.000 0.000 0.000 0.000
164 53_164 (0) 4 :  0.135 0.831 0.000 0.035 0.000 0.000
165 54_165 (0) 4 :  0.999 0.000 0.000 0.000 0.000 0.001
166 55_166 (6) 4 :  0.998 0.000 0.000 0.000 0.000 0.002
167 56_167 (0) 4 :  0.012 0.000 0.000 0.985 0.000 0.002
168 57_168 (0) 4 :  0.988 0.000 0.000 0.000 0.000 0.012
169 58_169 (0) 4 :  1.000 0.000 0.000 0.000 0.000 0.000
170 59_170 (0) 4 :  0.989 0.000 0.000 0.000 0.000 0.010
171 60_171 (0) 4 :  1.000 0.000 0.000 0.000 0.000 0.000
172 61_172 (0) 4 :  0.920 0.001 0.000 0.000 0.000 0.079
173 62_173 (0) 4 :  0.959 0.000 0.000 0.000 0.000 0.041
174 63_174 (0) 4 :  0.007 0.000 0.000 0.003 0.001 0.989
175 64_175 (0) 4 :  0.998 0.000 0.000 0.000 0.000 0.002
176 1_176 (0) 5 :  1.000 0.000 0.000 0.000 0.000 0.000
177 2_177 (0) 5 :  0.114 0.013 0.003 0.000 0.000 0.871
178 4_178 (6) 5 :  0.040 0.005 0.000 0.000 0.000 0.955
179 5_179 (13) 5 :  0.998 0.000 0.000 0.000 0.000 0.002
180 8_180 (0) 5 :  0.798 0.000 0.000 0.000 0.000 0.202
181 9_181 (0) 5 :  0.818 0.046 0.002 0.019 0.105 0.009
182 11_182 (0) 5 :  0.933 0.036 0.000 0.014 0.000 0.016
183 13_183 (0) 5 :  0.983 0.000 0.000 0.000 0.000 0.017
184 15_184 (0) 5 :  0.930 0.000 0.000 0.000 0.000 0.070
185 17_185 (0) 5 :  1.000 0.000 0.000 0.000 0.000 0.000
186 18_186 (0) 5 :  0.999 0.000 0.000 0.000 0.000 0.001
187 19_187 (0) 5 :  0.998 0.000 0.000 0.000 0.000 0.002
188 20_188 (0) 5 :  0.000 0.024 0.000 0.968 0.000 0.008
189 21_189 (0) 5 :  0.015 0.129 0.008 0.089 0.757 0.001
190 22_190 (6) 5 :  0.000 0.000 0.000 0.998 0.001 0.001
191 23_191 (0) 5 :  0.995 0.000 0.000 0.000 0.000 0.005
192 25_192 (0) 5 :  0.260 0.719 0.000 0.000 0.000 0.020
193 26_193 (0) 5 :  0.999 0.000 0.000 0.000 0.000 0.001
194 29_194 (13) 5 :  0.998 0.001 0.000 0.000 0.000 0.001
195 30_195 (0) 5 :  0.016 0.000 0.000 0.000 0.000 0.984
196 31_196 (0) 5 :  0.997 0.000 0.000 0.000 0.000 0.003
197 32_197 (0) 5 :  0.096 0.000 0.000 0.000 0.000 0.904
198 33_198 (6) 5 :  0.998 0.000 0.000 0.000 0.000 0.002
199 34_199 (0) 5 :  0.002 0.000 0.000 0.000 0.000 0.998
200 35_200 (0) 5 :  0.999 0.000 0.000 0.000 0.000 0.001
201 36_201 (0) 5 :  0.998 0.001 0.000 0.000 0.000 0.001
202 38_202 (0) 5 :  1.000 0.000 0.000 0.000 0.000 0.000
203 39_203 (13) 5 :  0.921 0.000 0.000 0.011 0.001 0.067
204 40_204 (0) 5 :  0.970 0.000 0.000 0.000 0.000 0.030
205 41_205 (6) 5 :  0.813 0.002 0.007 0.160 0.008 0.010
206 42_206 (0) 5 :  0.265 0.000 0.000 0.000 0.000 0.735
207 43_207 (6) 5 :  0.909 0.000 0.000 0.000 0.000 0.091
208 44_208 (6) 5 :  0.803 0.003 0.001 0.005 0.023 0.164
209 46_209 (0) 5 :  0.953 0.000 0.000 0.000 0.000 0.047
210 47_210 (0) 5 :  1.000 0.000 0.000 0.000 0.000 0.000
211 49_211 (6) 5 :  0.288 0.002 0.000 0.001 0.000 0.708
212 50_212 (6) 5 :  0.949 0.000 0.000 0.000 0.000 0.051
213 51_213 (6) 5 :  0.961 0.000 0.000 0.000 0.023 0.015
214 53_214 (0) 5 :  0.000 0.000 0.002 0.996 0.002 0.000
215 54_215 (0) 5 :  1.000 0.000 0.000 0.000 0.000 0.000
216 55_216 (0) 5 :  0.262 0.001 0.000 0.000 0.000 0.736
217 56_217 (0) 5 :  0.989 0.000 0.000 0.000 0.000 0.011
218 57_218 (6) 5 :  0.984 0.000 0.000 0.000 0.000 0.016
219 58_219 (0) 5 :  1.000 0.000 0.000 0.000 0.000 0.000
220 59_220 (6) 5 :  0.998 0.000 0.000 0.000 0.000 0.002
221 60_221 (0) 5 :  0.017 0.000 0.000 0.969 0.000 0.014
222 61_222 (0) 5 :  0.000 0.000 0.000 1.000 0.000 0.000
223 62_223 (6) 5 :  0.819 0.006 0.000 0.000 0.000 0.174
224 63_224 (6) 5 :  0.999 0.000 0.000 0.000 0.000 0.001
225 65_225 (0) 5 :  0.020 0.003 0.001 0.104 0.872 0.000
226 66_226 (0) 5 :  1.000 0.000 0.000 0.000 0.000 0.000
227 67_227 (13) 5 :  0.862 0.007 0.000 0.000 0.000 0.131
228 68_228 (0) 5 :  0.793 0.001 0.000 0.001 0.001 0.204
229 71_229 (13) 5 :  0.995 0.000 0.000 0.000 0.000 0.005
230 72_230 (0) 5 :  0.991 0.006 0.000 0.000 0.000 0.003
231 73_231 (6) 5 :  0.902 0.008 0.000 0.000 0.000 0.089
232 74_232 (13) 5 :  0.003 0.033 0.215 0.000 0.040 0.709
233 75_233 (0) 5 :  0.013 0.000 0.000 0.946 0.034 0.006
234 76_234 (6) 5 :  0.990 0.000 0.000 0.008 0.000 0.001
235 77_235 (0) 5 :  0.901 0.000 0.000 0.000 0.000 0.099
236 79_236 (0) 5 :  0.003 0.000 0.000 0.861 0.134 0.002
237 80_237 (0) 5 :  0.970 0.000 0.000 0.000 0.000 0.030
238 81_238 (13) 5 :  0.999 0.000 0.000 0.000 0.000 0.001
239 82_239 (0) 5 :  0.099 0.856 0.000 0.005 0.016 0.023
240 83_240 (13) 5 :  0.886 0.006 0.000 0.000 0.000 0.108
241 86_241 (0) 5 :  0.993 0.000 0.000 0.000 0.000 0.007
242 87_242 (20) 5 :  0.999 0.000 0.000 0.000 0.000 0.001
243 88_243 (13) 5 :  0.940 0.000 0.000 0.000 0.000 0.060
244 89_244 (13) 5 :  1.000 0.000 0.000 0.000 0.000 0.000
245 90_245 (20) 5 :  0.972 0.000 0.000 0.000 0.000 0.028
246 92_246 (0) 5 :  0.932 0.000 0.000 0.000 0.000 0.068
247 1_247 (20) 6 :  0.986 0.011 0.000 0.001 0.000 0.002
248 2_248 (13) 6 :  0.905 0.000 0.000 0.000 0.000 0.095
249 3_249 (20) 6 :  0.006 0.179 0.001 0.001 0.002 0.811
250 4_250 (0) 6 :  1.000 0.000 0.000 0.000 0.000 0.000
251 5_251 (20) 6 :  1.000 0.000 0.000 0.000 0.000 0.000
252 6_252 (6) 6 :  0.996 0.000 0.000 0.000 0.000 0.003
253 7_253 (26) 6 :  0.939 0.000 0.000 0.000 0.000 0.061
254 9_254 (0) 6 :  1.000 0.000 0.000 0.000 0.000 0.000
255 10_255 (0) 6 :  0.983 0.000 0.000 0.000 0.000 0.017
256 11_256 (6) 6 :  1.000 0.000 0.000 0.000 0.000 0.000
257 12_257 (13) 6 :  1.000 0.000 0.000 0.000 0.000 0.000
258 13_258 (6) 6 :  0.679 0.000 0.000 0.000 0.000 0.321
259 14_259 (0) 6 :  0.999 0.000 0.000 0.000 0.000 0.001
260 16_260 (13) 6 :  0.744 0.004 0.001 0.000 0.009 0.241
261 17_261 (20) 6 :  0.990 0.000 0.000 0.000 0.000 0.010
262 18_262 (20) 6 :  1.000 0.000 0.000 0.000 0.000 0.000
263 19_263 (20) 6 :  0.986 0.000 0.000 0.000 0.000 0.014
264 20_264 (33) 6 :  0.999 0.000 0.000 0.000 0.000 0.001
265 21_265 (20) 6 :  0.999 0.001 0.000 0.000 0.000 0.000
266 22_266 (20) 6 :  0.783 0.001 0.000 0.000 0.000 0.216
267 23_267 (40) 6 :  0.999 0.000 0.000 0.000 0.000 0.001
268 24_268 (33) 6 :  0.300 0.000 0.007 0.000 0.003 0.689
269 25_269 (13) 6 :  0.983 0.000 0.000 0.000 0.000 0.017
270 26_270 (13) 6 :  1.000 0.000 0.000 0.000 0.000 0.000
271 27_271 (26) 6 :  0.997 0.000 0.000 0.000 0.000 0.003
272 28_272 (13) 6 :  0.999 0.000 0.000 0.000 0.000 0.001
273 29_273 (6) 6 :  1.000 0.000 0.000 0.000 0.000 0.000
274 30_274 (13) 6 :  0.977 0.000 0.000 0.000 0.000 0.023
275 31_275 (13) 6 :  1.000 0.000 0.000 0.000 0.000 0.000
276 32_276 (13) 6 :  0.993 0.000 0.000 0.000 0.000 0.007
277 33_277 (20) 6 :  0.642 0.030 0.091 0.002 0.000 0.235
278 34_278 (0) 6 :  0.999 0.000 0.000 0.000 0.000 0.001
279 35_279 (6) 6 :  1.000 0.000 0.000 0.000 0.000 0.000
280 36_280 (6) 6 :  0.826 0.000 0.000 0.000 0.000 0.174
281 37_281 (6) 6 :  0.994 0.000 0.000 0.000 0.000 0.006
282 38_282 (6) 6 :  0.994 0.000 0.000 0.000 0.000 0.006
283 39_283 (0) 6 :  0.922 0.001 0.000 0.000 0.000 0.077
284 40_284 (13) 6 :  1.000 0.000 0.000 0.000 0.000 0.000
285 41_285 (0) 6 :  0.993 0.000 0.000 0.000 0.000 0.007
286 42_286 (40) 6 :  0.998 0.000 0.000 0.000 0.000 0.002
287 43_287 (6) 6 :  1.000 0.000 0.000 0.000 0.000 0.000
288 44_288 (33) 6 :  1.000 0.000 0.000 0.000 0.000 0.000
289 45_289 (6) 6 :  0.925 0.027 0.000 0.000 0.000 0.047
290 46_290 (20) 6 :  0.884 0.000 0.000 0.000 0.000 0.115
291 47_291 (13) 6 :  0.659 0.038 0.000 0.002 0.007 0.295
292 48_292 (40) 6 :  0.997 0.000 0.000 0.000 0.000 0.003
293 1_293 (20) 7 :  0.985 0.007 0.003 0.000 0.000 0.005
294 2_294 (6) 7 :  1.000 0.000 0.000 0.000 0.000 0.000
295 3_295 (6) 7 :  0.992 0.000 0.000 0.000 0.000 0.008
296 4_296 (6) 7 :  0.999 0.000 0.000 0.000 0.000 0.001
297 6_297 (0) 7 :  0.997 0.000 0.000 0.000 0.000 0.003
298 7_298 (6) 7 :  1.000 0.000 0.000 0.000 0.000 0.000
299 8_299 (20) 7 :  0.243 0.001 0.000 0.000 0.000 0.756
300 9_300 (26) 7 :  0.995 0.000 0.000 0.000 0.000 0.005
301 10_301 (13) 7 :  0.997 0.000 0.000 0.001 0.001 0.002
302 11_302 (0) 7 :  0.060 0.000 0.000 0.000 0.001 0.939
303 13_303 (6) 7 :  1.000 0.000 0.000 0.000 0.000 0.000
304 14_304 (6) 7 :  0.991 0.000 0.003 0.000 0.003 0.003
305 15_305 (6) 7 :  0.240 0.000 0.000 0.000 0.000 0.760
306 16_306 (6) 7 :  0.926 0.000 0.000 0.000 0.000 0.074
307 17_307 (6) 7 :  0.886 0.070 0.004 0.000 0.000 0.040
308 18_308 (13) 7 :  0.991 0.000 0.000 0.000 0.000 0.009
309 19_309 (0) 7 :  0.088 0.000 0.032 0.850 0.016 0.015
310 20_310 (6) 7 :  0.999 0.000 0.000 0.000 0.000 0.001
311 21_311 (0) 7 :  0.965 0.000 0.000 0.000 0.000 0.035
312 22_312 (6) 7 :  0.999 0.000 0.000 0.000 0.000 0.001
313 23_313 (13) 7 :  0.926 0.001 0.001 0.000 0.001 0.071
314 24_314 (6) 7 :  1.000 0.000 0.000 0.000 0.000 0.000
315 25_315 (13) 7 :  0.998 0.000 0.000 0.000 0.000 0.002
316 26_316 (0) 7 :  0.006 0.002 0.000 0.000 0.000 0.992
317 27_317 (0) 7 :  0.988 0.000 0.000 0.000 0.000 0.012
318 28_318 (0) 7 :  0.039 0.000 0.000 0.000 0.000 0.961
319 29_319 (0) 7 :  0.972 0.000 0.000 0.000 0.000 0.028
320 30_320 (0) 7 :  0.959 0.000 0.000 0.000 0.000 0.041
321 31_321 (6) 7 :  0.997 0.000 0.000 0.000 0.000 0.003
322 32_322 (0) 7 :  0.958 0.000 0.000 0.000 0.000 0.042
323 33_323 (6) 7 :  0.980 0.000 0.000 0.000 0.000 0.019
324 34_324 (0) 7 :  0.947 0.001 0.000 0.000 0.000 0.052
325 35_325 (0) 7 :  1.000 0.000 0.000 0.000 0.000 0.000
326 37_326 (6) 7 :  1.000 0.000 0.000 0.000 0.000 0.000
327 38_327 (6) 7 :  0.985 0.000 0.000 0.000 0.000 0.015
328 39_328 (0) 7 :  0.064 0.000 0.000 0.000 0.002 0.934
329 40_329 (26) 7 :  1.000 0.000 0.000 0.000 0.000 0.000
330 41_330 (0) 7 :  0.998 0.000 0.000 0.000 0.000 0.002
331 42_331 (0) 7 :  0.982 0.016 0.001 0.000 0.000 0.001
332 43_332 (0) 7 :  0.999 0.000 0.000 0.000 0.000 0.001
333 44_333 (0) 7 :  0.904 0.001 0.000 0.002 0.000 0.094
334 45_334 (0) 7 :  0.999 0.000 0.000 0.000 0.000 0.001
335 46_335 (6) 7 :  0.999 0.000 0.000 0.000 0.000 0.001
336 47_336 (6) 7 :  0.959 0.000 0.000 0.000 0.000 0.041
337 49_337 (6) 7 :  0.994 0.000 0.000 0.000 0.000 0.006
338 50_338 (13) 7 :  1.000 0.000 0.000 0.000 0.000 0.000
339 51_339 (20) 7 :  0.864 0.001 0.000 0.000 0.003 0.132
340 52_340 (6) 7 :  0.998 0.000 0.000 0.000 0.000 0.002
341 53_341 (0) 7 :  0.999 0.000 0.000 0.000 0.000 0.001
342 54_342 (0) 7 :  0.919 0.000 0.000 0.000 0.000 0.081
343 55_343 (6) 7 :  0.743 0.000 0.000 0.000 0.000 0.257
344 56_344 (0) 7 :  0.873 0.000 0.000 0.000 0.000 0.127
345 57_345 (33) 7 :  0.982 0.002 0.000 0.000 0.002 0.015
346 58_346 (0) 7 :  0.954 0.000 0.000 0.000 0.000 0.046
347 59_347 (0) 7 :  0.931 0.000 0.000 0.000 0.000 0.068
348 61_348 (0) 7 :  0.998 0.000 0.000 0.000 0.000 0.002
349 62_349 (0) 7 :  0.002 0.000 0.000 0.000 0.000 0.998
350 64_350 (6) 7 :  0.615 0.000 0.039 0.296 0.046 0.004
351 1_351 (6) 8 :  1.000 0.000 0.000 0.000 0.000 0.000
352 2_352 (0) 8 :  0.991 0.002 0.000 0.000 0.000 0.007
353 3_353 (0) 8 :  0.983 0.000 0.000 0.000 0.000 0.016
354 4_354 (13) 8 :  1.000 0.000 0.000 0.000 0.000 0.000
355 5_355 (0) 8 :  1.000 0.000 0.000 0.000 0.000 0.000
356 6_356 (6) 8 :  0.984 0.000 0.000 0.000 0.000 0.016
357 7_357 (0) 8 :  0.934 0.000 0.000 0.000 0.000 0.066
358 8_358 (13) 8 :  0.010 0.120 0.004 0.003 0.708 0.154
359 9_359 (6) 8 :  0.001 0.000 0.001 0.973 0.008 0.017
360 10_360 (0) 8 :  0.027 0.000 0.000 0.000 0.000 0.973
361 11_361 (6) 8 :  1.000 0.000 0.000 0.000 0.000 0.000
362 12_362 (0) 8 :  0.995 0.000 0.000 0.000 0.000 0.005
363 13_363 (0) 8 :  0.999 0.000 0.000 0.000 0.000 0.001
364 14_364 (0) 8 :  0.611 0.028 0.001 0.007 0.030 0.322
365 15_365 (0) 8 :  0.968 0.000 0.000 0.000 0.000 0.032
366 17_366 (33) 8 :  0.949 0.004 0.000 0.001 0.000 0.046
367 18_367 (0) 8 :  1.000 0.000 0.000 0.000 0.000 0.000
368 19_368 (0) 8 :  0.999 0.000 0.000 0.000 0.000 0.001
369 23_369 (0) 8 :  0.939 0.000 0.000 0.000 0.000 0.061
370 24_370 (0) 8 :  0.989 0.000 0.000 0.000 0.000 0.011
371 25_371 (0) 8 :  0.996 0.000 0.000 0.000 0.000 0.004
372 26_372 (6) 8 :  1.000 0.000 0.000 0.000 0.000 0.000
373 27_373 (6) 8 :  0.960 0.034 0.000 0.000 0.000 0.006
374 28_374 (0) 8 :  0.992 0.000 0.000 0.000 0.000 0.008
375 29_375 (0) 8 :  0.994 0.000 0.000 0.000 0.000 0.006
376 30_376 (6) 8 :  0.828 0.000 0.000 0.156 0.001 0.016
377 31_377 (0) 8 :  0.914 0.000 0.000 0.000 0.000 0.086
378 32_378 (0) 8 :  1.000 0.000 0.000 0.000 0.000 0.000
379 33_379 (6) 8 :  1.000 0.000 0.000 0.000 0.000 0.000
380 34_380 (13) 8 :  0.955 0.013 0.000 0.009 0.000 0.023
381 35_381 (0) 8 :  0.885 0.000 0.000 0.000 0.000 0.115
382 36_382 (0) 8 :  0.996 0.000 0.000 0.000 0.000 0.004
383 39_383 (0) 8 :  0.999 0.000 0.000 0.000 0.000 0.000
384 40_384 (0) 8 :  1.000 0.000 0.000 0.000 0.000 0.000
385 41_385 (0) 8 :  0.988 0.000 0.000 0.000 0.000 0.012
386 44_386 (53) 8 :  0.001 0.001 0.170 0.826 0.000 0.003
387 45_387 (20) 8 :  0.995 0.000 0.000 0.000 0.000 0.005
388 46_388 (40) 8 :  0.977 0.000 0.000 0.000 0.000 0.023
389 47_389 (6) 8 :  0.770 0.000 0.000 0.000 0.000 0.230
390 48_390 (13) 8 :  0.994 0.000 0.000 0.000 0.000 0.006
391 49_391 (13) 8 :  0.965 0.000 0.000 0.011 0.000 0.024
392 50_392 (6) 8 :  1.000 0.000 0.000 0.000 0.000 0.000
393 51_393 (13) 8 :  1.000 0.000 0.000 0.000 0.000 0.000
394 52_394 (0) 8 :  0.999 0.000 0.000 0.000 0.000 0.001
395 53_395 (20) 8 :  0.998 0.000 0.000 0.000 0.000 0.002
396 54_396 (20) 8 :  0.014 0.002 0.978 0.000 0.003 0.002
397 55_397 (46) 8 :  0.963 0.014 0.000 0.000 0.000 0.024
398 56_398 (13) 8 :  1.000 0.000 0.000 0.000 0.000 0.000
399 57_399 (6) 8 :  0.078 0.001 0.000 0.000 0.000 0.921
400 62_400 (26) 8 :  0.838 0.069 0.074 0.000 0.019 0.001
401 64_401 (33) 8 :  0.730 0.220 0.001 0.000 0.001 0.048
402 65_402 (0) 8 :  1.000 0.000 0.000 0.000 0.000 0.000
403 67_403 (0) 8 :  1.000 0.000 0.000 0.000 0.000 0.000
404 68_404 (0) 8 :  1.000 0.000 0.000 0.000 0.000 0.000
405 69_405 (0) 8 :  1.000 0.000 0.000 0.000 0.000 0.000
406 70_406 (0) 8 :  0.982 0.000 0.000 0.000 0.000 0.018
407 71_407 (6) 8 :  0.668 0.000 0.000 0.000 0.000 0.332
408 72_408 (0) 8 :  0.967 0.000 0.000 0.000 0.000 0.033
409 2_409 (6) 9 :  0.999 0.000 0.000 0.000 0.000 0.000
410 3_410 (33) 9 :  0.104 0.092 0.070 0.000 0.073 0.661
411 4_411 (6) 9 :  0.967 0.000 0.000 0.000 0.002 0.031
412 5_412 (6) 9 :  1.000 0.000 0.000 0.000 0.000 0.000
413 6_413 (6) 9 :  0.993 0.000 0.000 0.000 0.000 0.007
414 7_414 (53) 9 :  0.764 0.038 0.005 0.001 0.005 0.186
415 10_415 (6) 9 :  0.979 0.000 0.000 0.000 0.000 0.021
416 11_416 (6) 9 :  0.977 0.001 0.000 0.000 0.000 0.023
417 13_417 (6) 9 :  0.944 0.002 0.000 0.000 0.004 0.050
418 16_418 (6) 9 :  0.951 0.013 0.010 0.011 0.000 0.015
419 17_419 (6) 9 :  0.116 0.000 0.053 0.000 0.004 0.827
420 19_420 (46) 9 :  0.025 0.002 0.001 0.005 0.000 0.966
421 25_421 (6) 9 :  0.013 0.862 0.000 0.000 0.126 0.000
422 27_422 (6) 9 :  0.987 0.000 0.000 0.007 0.000 0.006
423 28_423 (0) 9 :  0.261 0.002 0.006 0.001 0.001 0.728
424 30_424 (0) 9 :  0.903 0.000 0.000 0.000 0.000 0.097
425 34_425 (0) 9 :  0.999 0.000 0.000 0.000 0.000 0.001
426 37_426 (13) 9 :  0.999 0.000 0.000 0.000 0.000 0.001
427 38_427 (6) 9 :  0.989 0.000 0.000 0.000 0.000 0.011
428 40_428 (46) 9 :  0.797 0.033 0.000 0.000 0.024 0.146
429 42_429 (20) 9 :  0.998 0.000 0.000 0.000 0.000 0.002
430 43_430 (6) 9 :  0.999 0.000 0.000 0.000 0.000 0.001
431 45_431 (6) 9 :  0.998 0.000 0.000 0.000 0.000 0.001
432 46_432 (20) 9 :  0.972 0.003 0.004 0.000 0.000 0.021
433 47_433 (6) 9 :  0.885 0.005 0.000 0.000 0.000 0.111
434 48_434 (26) 9 :  0.856 0.000 0.000 0.000 0.000 0.144
435 53_435 (6) 9 :  0.796 0.106 0.018 0.003 0.076 0.001
436 55_436 (6) 9 :  0.905 0.001 0.000 0.005 0.000 0.089
437 56_437 (20) 9 :  0.993 0.001 0.000 0.000 0.000 0.007
438 57_438 (13) 9 :  1.000 0.000 0.000 0.000 0.000 0.000
439 60_439 (0) 9 :  0.997 0.000 0.000 0.000 0.000 0.003
440 62_440 (26) 9 :  0.374 0.002 0.000 0.000 0.001 0.622
441 63_441 (13) 9 :  0.848 0.001 0.000 0.000 0.000 0.151
442 2_442 (6) 10 :  1.000 0.000 0.000 0.000 0.000 0.000
443 3_443 (6) 10 :  0.997 0.001 0.000 0.000 0.000 0.001
444 5_444 (0) 10 :  0.996 0.000 0.000 0.000 0.000 0.004
445 7_445 (6) 10 :  0.994 0.000 0.000 0.000 0.000 0.006
446 8_446 (33) 10 :  0.985 0.003 0.000 0.001 0.001 0.009
447 9_447 (0) 10 :  0.999 0.000 0.000 0.000 0.000 0.001
448 11_448 (6) 10 :  0.978 0.008 0.000 0.000 0.001 0.014
449 13_449 (20) 10 :  1.000 0.000 0.000 0.000 0.000 0.000
450 15_450 (6) 10 :  0.932 0.002 0.000 0.000 0.000 0.066
451 18_451 (6) 10 :  0.992 0.002 0.000 0.000 0.000 0.005
452 19_452 (0) 10 :  0.929 0.000 0.000 0.000 0.000 0.071
453 20_453 (6) 10 :  1.000 0.000 0.000 0.000 0.000 0.000
454 23_454 (6) 10 :  0.999 0.000 0.000 0.000 0.000 0.001
455 25_455 (0) 10 :  0.989 0.000 0.000 0.000 0.000 0.011
456 30_456 (6) 10 :  0.003 0.000 0.972 0.000 0.003 0.022
457 34_457 (26) 10 :  0.992 0.000 0.000 0.001 0.002 0.005
458 37_458 (0) 10 :  0.993 0.000 0.000 0.000 0.000 0.007
459 38_459 (26) 10 :  0.930 0.002 0.000 0.000 0.001 0.067
460 42_460 (20) 10 :  0.999 0.000 0.000 0.000 0.000 0.001
461 43_461 (0) 10 :  0.778 0.003 0.000 0.000 0.000 0.219
462 46_462 (13) 10 :  0.997 0.001 0.000 0.001 0.000 0.001
463 48_463 (13) 10 :  0.996 0.000 0.000 0.001 0.004 0.000
464 49_464 (0) 10 :  0.999 0.000 0.000 0.000 0.000 0.001
465 50_465 (6) 10 :  1.000 0.000 0.000 0.000 0.000 0.000
466 54_466 (0) 10 :  1.000 0.000 0.000 0.000 0.000 0.000
467 55_467 (40) 10 :  0.618 0.001 0.000 0.213 0.023 0.144
468 56_468 (6) 10 :  0.986 0.000 0.000 0.000 0.000 0.014
469 1_469 (0) 11 :  0.987 0.000 0.000 0.000 0.000 0.012
470 2_470 (0) 11 :  0.908 0.011 0.004 0.069 0.000 0.007
471 3_471 (0) 11 :  0.999 0.000 0.000 0.000 0.000 0.000
472 4_472 (0) 11 :  0.960 0.000 0.001 0.000 0.000 0.039
473 5_473 (0) 11 :  0.864 0.072 0.013 0.013 0.000 0.037
474 7_474 (0) 11 :  0.000 0.729 0.000 0.223 0.000 0.048
475 8_475 (0) 11 :  0.997 0.000 0.000 0.000 0.000 0.003
476 10_476 (6) 11 :  0.999 0.000 0.000 0.000 0.000 0.001
477 11_477 (0) 11 :  0.715 0.269 0.000 0.014 0.001 0.001
478 14_478 (0) 11 :  1.000 0.000 0.000 0.000 0.000 0.000
479 15_479 (0) 11 :  0.999 0.000 0.000 0.000 0.000 0.001
480 19_480 (0) 11 :  0.989 0.000 0.000 0.000 0.000 0.011
481 21_481 (0) 11 :  0.202 0.764 0.004 0.000 0.024 0.006
482 23_482 (0) 11 :  0.998 0.000 0.000 0.000 0.000 0.002
483 24_483 (6) 11 :  0.030 0.002 0.000 0.863 0.098 0.007
484 26_484 (0) 11 :  0.989 0.000 0.000 0.000 0.000 0.011
485 27_485 (0) 11 :  0.859 0.005 0.000 0.008 0.000 0.128
486 32_486 (0) 11 :  0.985 0.000 0.000 0.000 0.000 0.015
487 34_487 (0) 11 :  1.000 0.000 0.000 0.000 0.000 0.000
488 37_488 (0) 11 :  1.000 0.000 0.000 0.000 0.000 0.000
489 38_489 (0) 11 :  0.981 0.018 0.000 0.000 0.000 0.001
490 39_490 (0) 11 :  0.993 0.003 0.000 0.000 0.000 0.004
491 40_491 (0) 11 :  1.000 0.000 0.000 0.000 0.000 0.000
492 43_492 (6) 11 :  1.000 0.000 0.000 0.000 0.000 0.000
493 47_493 (0) 11 :  1.000 0.000 0.000 0.000 0.000 0.000
494 1_494 (6) 12 :  1.000 0.000 0.000 0.000 0.000 0.000
495 2_495 (6) 12 :  0.989 0.000 0.000 0.000 0.000 0.011
496 3_496 (0) 12 :  0.976 0.022 0.000 0.000 0.000 0.002
497 4_497 (13) 12 :  0.988 0.001 0.000 0.000 0.000 0.012
498 7_498 (0) 12 :  1.000 0.000 0.000 0.000 0.000 0.000
499 8_499 (13) 12 :  1.000 0.000 0.000 0.000 0.000 0.000
500 9_500 (20) 12 :  0.999 0.000 0.000 0.000 0.000 0.001
501 10_501 (13) 12 :  1.000 0.000 0.000 0.000 0.000 0.000
502 11_502 (6) 12 :  0.000 0.000 0.000 0.016 0.984 0.000
503 12_503 (6) 12 :  0.248 0.005 0.056 0.057 0.000 0.635
504 15_504 (13) 12 :  1.000 0.000 0.000 0.000 0.000 0.000
505 17_505 (6) 12 :  0.998 0.000 0.000 0.000 0.000 0.002
506 18_506 (6) 12 :  1.000 0.000 0.000 0.000 0.000 0.000
507 19_507 (6) 12 :  1.000 0.000 0.000 0.000 0.000 0.000
508 20_508 (13) 12 :  0.715 0.000 0.000 0.000 0.000 0.285
509 21_509 (6) 12 :  1.000 0.000 0.000 0.000 0.000 0.000
510 25_510 (6) 12 :  0.817 0.000 0.000 0.000 0.000 0.182
511 26_511 (0) 12 :  0.996 0.000 0.000 0.000 0.000 0.004
512 28_512 (6) 12 :  1.000 0.000 0.000 0.000 0.000 0.000
513 31_513 (13) 12 :  0.864 0.027 0.000 0.002 0.020 0.087
514 32_514 (13) 12 :  1.000 0.000 0.000 0.000 0.000 0.000
515 33_515 (13) 12 :  1.000 0.000 0.000 0.000 0.000 0.000
516 36_516 (6) 12 :  1.000 0.000 0.000 0.000 0.000 0.000
517 41_517 (6) 12 :  1.000 0.000 0.000 0.000 0.000 0.000
518 43_518 (6) 12 :  0.999 0.001 0.000 0.000 0.000 0.000
519 44_519 (33) 12 :  0.998 0.000 0.000 0.000 0.000 0.001
520 50_520 (0) 12 :  0.999 0.000 0.000 0.000 0.000 0.001
521 52_521 (60) 12 :  0.983 0.001 0.000 0.001 0.000 0.015
522 53_522 (20) 12 :  0.006 0.014 0.001 0.002 0.966 0.012
523 55_523 (26) 12 :  0.987 0.000 0.000 0.000 0.000 0.013
524 56_524 (6) 12 :  1.000 0.000 0.000 0.000 0.000 0.000
525 1_525 (0) 13 :  1.000 0.000 0.000 0.000 0.000 0.000
526 3_526 (6) 13 :  0.994 0.000 0.000 0.000 0.001 0.005
527 5_527 (6) 13 :  0.995 0.001 0.001 0.000 0.000 0.003
528 8_528 (13) 13 :  1.000 0.000 0.000 0.000 0.000 0.000
529 9_529 (6) 13 :  0.191 0.000 0.001 0.000 0.001 0.807
530 10_530 (6) 13 :  1.000 0.000 0.000 0.000 0.000 0.000
531 13_531 (6) 13 :  0.995 0.000 0.000 0.000 0.000 0.005
532 14_532 (0) 13 :  0.149 0.004 0.000 0.000 0.000 0.846
533 16_533 (6) 13 :  1.000 0.000 0.000 0.000 0.000 0.000
534 21_534 (0) 13 :  1.000 0.000 0.000 0.000 0.000 0.000
535 23_535 (6) 13 :  0.999 0.000 0.000 0.000 0.000 0.001
536 26_536 (0) 13 :  0.075 0.018 0.000 0.000 0.003 0.905
537 27_537 (0) 13 :  1.000 0.000 0.000 0.000 0.000 0.000
538 29_538 (13) 13 :  0.999 0.000 0.000 0.000 0.000 0.000
539 32_539 (0) 13 :  1.000 0.000 0.000 0.000 0.000 0.000
540 37_540 (0) 13 :  1.000 0.000 0.000 0.000 0.000 0.000
541 38_541 (0) 13 :  1.000 0.000 0.000 0.000 0.000 0.000
542 41_542 (6) 13 :  0.996 0.000 0.000 0.000 0.000 0.004
543 42_543 (0) 13 :  0.723 0.006 0.001 0.000 0.000 0.270
544 43_544 (0) 13 :  1.000 0.000 0.000 0.000 0.000 0.000
545 44_545 (0) 13 :  0.146 0.000 0.001 0.000 0.001 0.852
546 45_546 (0) 13 :  0.999 0.000 0.000 0.000 0.000 0.001
547 46_547 (0) 13 :  0.994 0.000 0.000 0.000 0.000 0.006
548 47_548 (0) 13 :  0.997 0.000 0.000 0.000 0.000 0.003
549 48_549 (0) 13 :  1.000 0.000 0.000 0.000 0.000 0.000
550 49_550 (6) 13 :  0.998 0.002 0.000 0.000 0.000 0.000
551 50_551 (0) 13 :  0.899 0.002 0.000 0.000 0.000 0.099
552 53_552 (6) 13 :  0.992 0.000 0.000 0.000 0.000 0.008
553 56_553 (6) 13 :  0.859 0.131 0.000 0.000 0.003 0.006
554 57_554 (0) 13 :  0.948 0.016 0.017 0.000 0.000 0.018
555 58_555 (0) 13 :  1.000 0.000 0.000 0.000 0.000 0.000
556 59_556 (0) 13 :  1.000 0.000 0.000 0.000 0.000 0.000
557 60_557 (6) 13 :  0.996 0.000 0.000 0.000 0.000 0.003
558 61_558 (0) 13 :  0.999 0.000 0.000 0.000 0.000 0.001
559 63_559 (6) 13 :  0.990 0.001 0.000 0.000 0.000 0.008
560 65_560 (6) 13 :  0.999 0.000 0.001 0.000 0.000 0.000
561 69_561 (0) 13 :  1.000 0.000 0.000 0.000 0.000 0.000
562 70_562 (6) 13 :  0.608 0.011 0.006 0.000 0.042 0.333
563 72_563 (0) 13 :  0.997 0.002 0.000 0.000 0.000 0.001
564 74_564 (0) 13 :  1.000 0.000 0.000 0.000 0.000 0.000
565 75_565 (6) 13 :  1.000 0.000 0.000 0.000 0.000 0.000
566 76_566 (6) 13 :  0.998 0.000 0.000 0.000 0.000 0.002
567 79_567 (0) 13 :  0.990 0.000 0.000 0.000 0.000 0.010
568 80_568 (6) 13 :  0.998 0.000 0.000 0.000 0.000 0.002
569 82_569 (0) 13 :  1.000 0.000 0.000 0.000 0.000 0.000
570 83_570 (0) 13 :  0.988 0.000 0.000 0.000 0.000 0.012
571 85_571 (6) 13 :  0.175 0.000 0.000 0.000 0.000 0.825
572 86_572 (0) 13 :  0.993 0.000 0.000 0.000 0.000 0.007
573 88_573 (6) 13 :  0.995 0.004 0.000 0.000 0.000 0.000
574 90_574 (0) 13 :  0.999 0.000 0.000 0.000 0.000 0.001
575 91_575 (0) 13 :  1.000 0.000 0.000 0.000 0.000 0.000
576 95_576 (0) 13 :  0.999 0.000 0.000 0.000 0.000 0.001
577 1_577 (0) 14 :  0.994 0.000 0.000 0.000 0.000 0.006
578 2_578 (6) 14 :  0.998 0.001 0.000 0.000 0.000 0.001
579 3_579 (0) 14 :  1.000 0.000 0.000 0.000 0.000 0.000
580 5_580 (0) 14 :  0.183 0.002 0.000 0.000 0.000 0.815
581 6_581 (0) 14 :  0.999 0.001 0.000 0.000 0.000 0.000
582 7_582 (0) 14 :  0.998 0.000 0.000 0.000 0.000 0.002
583 8_583 (13) 14 :  0.110 0.008 0.000 0.000 0.000 0.882
584 9_584 (6) 14 :  1.000 0.000 0.000 0.000 0.000 0.000
585 10_585 (0) 14 :  0.853 0.146 0.000 0.000 0.000 0.001
586 11_586 (13) 14 :  1.000 0.000 0.000 0.000 0.000 0.000
587 12_587 (0) 14 :  0.999 0.000 0.000 0.000 0.000 0.001
588 13_588 (0) 14 :  1.000 0.000 0.000 0.000 0.000 0.000
589 14_589 (0) 14 :  0.999 0.000 0.000 0.000 0.000 0.000
590 15_590 (0) 14 :  0.928 0.018 0.000 0.000 0.000 0.054
591 16_591 (6) 14 :  1.000 0.000 0.000 0.000 0.000 0.000
592 17_592 (0) 14 :  0.998 0.000 0.000 0.000 0.000 0.002
593 18_593 (13) 14 :  0.999 0.000 0.000 0.000 0.000 0.001
594 19_594 (0) 14 :  0.989 0.000 0.000 0.000 0.000 0.011
595 20_595 (6) 14 :  0.998 0.000 0.000 0.000 0.000 0.002
596 21_596 (20) 14 :  0.204 0.252 0.000 0.000 0.000 0.545
597 22_597 (0) 14 :  1.000 0.000 0.000 0.000 0.000 0.000
598 24_598 (0) 14 :  0.996 0.001 0.003 0.000 0.000 0.000
599 25_599 (6) 14 :  1.000 0.000 0.000 0.000 0.000 0.000
600 26_600 (0) 14 :  0.983 0.000 0.000 0.000 0.000 0.017
601 28_601 (13) 14 :  0.995 0.000 0.000 0.000 0.000 0.005
602 29_602 (0) 14 :  0.999 0.000 0.000 0.000 0.000 0.000
603 30_603 (0) 14 :  0.978 0.018 0.000 0.004 0.000 0.000
604 31_604 (20) 14 :  0.996 0.000 0.000 0.000 0.000 0.004
605 32_605 (0) 14 :  1.000 0.000 0.000 0.000 0.000 0.000
606 33_606 (6) 14 :  1.000 0.000 0.000 0.000 0.000 0.000
607 34_607 (0) 14 :  0.999 0.000 0.000 0.000 0.000 0.001
608 35_608 (6) 14 :  0.992 0.000 0.000 0.000 0.000 0.008
609 36_609 (20) 14 :  0.812 0.022 0.119 0.009 0.011 0.027
610 37_610 (6) 14 :  1.000 0.000 0.000 0.000 0.000 0.000
611 38_611 (6) 14 :  0.873 0.039 0.000 0.000 0.000 0.088
612 41_612 (0) 14 :  1.000 0.000 0.000 0.000 0.000 0.000
613 42_613 (0) 14 :  1.000 0.000 0.000 0.000 0.000 0.000
614 43_614 (0) 14 :  1.000 0.000 0.000 0.000 0.000 0.000
615 44_615 (0) 14 :  0.999 0.000 0.000 0.000 0.000 0.001
616 45_616 (6) 14 :  1.000 0.000 0.000 0.000 0.000 0.000
617 46_617 (6) 14 :  0.566 0.015 0.000 0.000 0.000 0.419
618 48_618 (6) 14 :  0.999 0.000 0.000 0.000 0.000 0.001
619 49_619 (0) 14 :  1.000 0.000 0.000 0.000 0.000 0.000
620 50_620 (13) 14 :  1.000 0.000 0.000 0.000 0.000 0.000
621 51_621 (6) 14 :  0.999 0.000 0.000 0.000 0.000 0.001
622 52_622 (13) 14 :  0.998 0.000 0.000 0.000 0.000 0.001
623 53_623 (6) 14 :  0.994 0.000 0.000 0.000 0.000 0.006
624 54_624 (13) 14 :  0.991 0.009 0.000 0.000 0.000 0.000
625 55_625 (13) 14 :  0.945 0.000 0.000 0.000 0.000 0.055
626 56_626 (13) 14 :  1.000 0.000 0.000 0.000 0.000 0.000
627 58_627 (13) 14 :  1.000 0.000 0.000 0.000 0.000 0.000
628 59_628 (13) 14 :  0.266 0.098 0.000 0.000 0.000 0.636
629 60_629 (13) 14 :  0.864 0.044 0.000 0.014 0.000 0.079
630 61_630 (13) 14 :  0.038 0.000 0.000 0.000 0.000 0.962
631 62_631 (6) 14 :  0.990 0.000 0.000 0.000 0.000 0.010
632 63_632 (26) 14 :  0.626 0.015 0.001 0.000 0.000 0.358
633 64_633 (13) 14 :  0.992 0.001 0.000 0.000 0.000 0.008
634 1_634 (13) 15 :  0.151 0.000 0.000 0.000 0.000 0.849
635 3_635 (6) 15 :  0.959 0.000 0.000 0.000 0.000 0.041
636 4_636 (0) 15 :  0.997 0.000 0.000 0.000 0.000 0.002
637 5_637 (0) 15 :  0.620 0.014 0.000 0.000 0.000 0.366
638 6_638 (6) 15 :  0.998 0.000 0.000 0.000 0.000 0.002
639 8_639 (6) 15 :  0.999 0.000 0.000 0.000 0.000 0.001
640 10_640 (6) 15 :  1.000 0.000 0.000 0.000 0.000 0.000
641 11_641 (13) 15 :  0.957 0.000 0.000 0.000 0.000 0.043
642 12_642 (13) 15 :  0.998 0.000 0.000 0.000 0.000 0.002
643 13_643 (6) 15 :  0.148 0.624 0.003 0.000 0.003 0.222
644 16_644 (6) 15 :  0.999 0.000 0.000 0.000 0.000 0.001
645 18_645 (0) 15 :  0.915 0.011 0.000 0.000 0.000 0.074
646 19_646 (0) 15 :  0.991 0.001 0.000 0.000 0.000 0.007
647 20_647 (0) 15 :  0.808 0.002 0.000 0.000 0.000 0.190
648 21_648 (20) 15 :  0.619 0.008 0.000 0.002 0.001 0.369
649 22_649 (0) 15 :  0.999 0.000 0.000 0.000 0.000 0.000
650 23_650 (13) 15 :  0.967 0.000 0.000 0.000 0.000 0.033
651 24_651 (0) 15 :  0.987 0.000 0.000 0.000 0.000 0.013
652 25_652 (6) 15 :  0.921 0.000 0.000 0.000 0.000 0.078
653 26_653 (6) 15 :  0.979 0.019 0.000 0.000 0.000 0.001
654 27_654 (6) 15 :  0.727 0.034 0.000 0.000 0.000 0.239
655 28_655 (0) 15 :  0.682 0.000 0.000 0.000 0.000 0.318
656 30_656 (6) 15 :  0.985 0.000 0.000 0.000 0.000 0.015
657 32_657 (0) 15 :  0.930 0.000 0.000 0.000 0.000 0.070
658 34_658 (20) 15 :  0.994 0.000 0.000 0.000 0.000 0.006
659 36_659 (13) 15 :  0.596 0.026 0.000 0.000 0.000 0.378
660 38_660 (0) 15 :  0.993 0.000 0.000 0.000 0.000 0.006
661 39_661 (0) 15 :  0.001 0.002 0.000 0.000 0.000 0.997
662 41_662 (0) 15 :  0.999 0.000 0.000 0.000 0.000 0.000
663 42_663 (13) 15 :  0.949 0.004 0.038 0.007 0.001 0.001
664 43_664 (0) 15 :  0.903 0.061 0.001 0.000 0.000 0.035
665 44_665 (13) 15 :  0.615 0.001 0.000 0.000 0.000 0.384
666 45_666 (0) 15 :  0.991 0.002 0.000 0.000 0.000 0.007
667 46_667 (0) 15 :  0.999 0.000 0.000 0.000 0.000 0.001
668 47_668 (6) 15 :  0.022 0.001 0.000 0.001 0.829 0.148
669 49_669 (6) 15 :  0.970 0.000 0.000 0.000 0.000 0.030
670 50_670 (0) 15 :  0.988 0.001 0.000 0.000 0.000 0.011
671 51_671 (0) 15 :  0.766 0.001 0.000 0.000 0.000 0.232
672 52_672 (0) 15 :  0.989 0.000 0.000 0.000 0.001 0.010
673 54_673 (0) 15 :  0.804 0.000 0.000 0.000 0.000 0.196
674 55_674 (6) 15 :  0.955 0.001 0.000 0.000 0.000 0.043
675 56_675 (26) 15 :  0.070 0.004 0.000 0.847 0.003 0.075
676 1_676 (6) 16 :  0.999 0.000 0.000 0.000 0.000 0.001
677 3_677 (0) 16 :  0.990 0.000 0.000 0.000 0.000 0.010
678 4_678 (0) 16 :  0.644 0.016 0.000 0.000 0.000 0.341
679 5_679 (0) 16 :  0.998 0.000 0.000 0.000 0.000 0.002
680 7_680 (0) 16 :  1.000 0.000 0.000 0.000 0.000 0.000
681 8_681 (6) 16 :  0.845 0.001 0.000 0.000 0.000 0.155
682 10_682 (0) 16 :  0.998 0.002 0.000 0.000 0.000 0.000
683 11_683 (0) 16 :  0.914 0.000 0.035 0.005 0.001 0.046
684 12_684 (0) 16 :  0.880 0.091 0.000 0.001 0.000 0.027
685 16_685 (0) 16 :  0.912 0.001 0.000 0.001 0.000 0.086
686 17_686 (0) 16 :  1.000 0.000 0.000 0.000 0.000 0.000
687 18_687 (0) 16 :  0.999 0.001 0.000 0.000 0.000 0.000
688 19_688 (6) 16 :  0.990 0.000 0.000 0.000 0.000 0.010
689 22_689 (13) 16 :  0.967 0.002 0.000 0.000 0.000 0.031
690 24_690 (0) 16 :  1.000 0.000 0.000 0.000 0.000 0.000
691 25_691 (6) 16 :  0.998 0.000 0.000 0.000 0.000 0.002
692 26_692 (0) 16 :  0.749 0.000 0.000 0.000 0.000 0.251
693 29_693 (0) 16 :  1.000 0.000 0.000 0.000 0.000 0.000
694 31_694 (0) 16 :  0.998 0.000 0.000 0.000 0.000 0.002
695 32_695 (0) 16 :  0.723 0.253 0.000 0.000 0.000 0.024
696 35_696 (0) 16 :  1.000 0.000 0.000 0.000 0.000 0.000
697 36_697 (0) 16 :  0.060 0.756 0.001 0.000 0.000 0.183
698 37_698 (0) 16 :  0.990 0.000 0.000 0.000 0.000 0.010
699 38_699 (0) 16 :  0.680 0.277 0.000 0.000 0.000 0.044
700 40_700 (0) 16 :  0.994 0.001 0.000 0.000 0.000 0.005
701 43_701 (0) 16 :  0.997 0.001 0.000 0.000 0.000 0.002
702 44_702 (0) 16 :  0.996 0.000 0.000 0.000 0.000 0.004
703 46_703 (0) 16 :  0.997 0.000 0.000 0.000 0.000 0.003
704 49_704 (6) 16 :  0.931 0.031 0.000 0.000 0.000 0.037
705 51_705 (0) 16 :  0.987 0.000 0.000 0.000 0.000 0.013
706 52_706 (0) 16 :  0.182 0.034 0.000 0.000 0.000 0.784
707 53_707 (6) 16 :  0.004 0.004 0.001 0.000 0.002 0.989
708 54_708 (20) 16 :  0.982 0.000 0.000 0.000 0.000 0.018
709 55_709 (20) 16 :  0.000 0.000 0.998 0.001 0.000 0.001
710 56_710 (6) 16 :  1.000 0.000 0.000 0.000 0.000 0.000
711 58_711 (6) 16 :  0.878 0.001 0.007 0.000 0.000 0.114
