  1:     0.000  0.000  0.000  0.952  0.048       21
  2:     0.028  0.000  0.000  0.917  0.056       36
  3:     0.076  0.015  0.015  0.773  0.121       66
  4:     0.096  0.038  0.038  0.808  0.019       52
  5:     0.028  0.028  0.113  0.803  0.028       71
  6:     0.022  0.022  0.000  0.957  0.000       46
  7:     0.000  0.017  0.000  0.983  0.000       58
  8:     0.017  0.034  0.034  0.914  0.000       58
  9:     0.091  0.061  0.000  0.848  0.000       33
 10:     0.037  0.000  0.000  0.963  0.000       27
 11:     0.000  0.080  0.040  0.800  0.080       25
 12:     0.000  0.032  0.032  0.935  0.000       31
 13:     0.058  0.000  0.000  0.942  0.000       52
 14:     0.000  0.000  0.000  0.982  0.018       57
 15:     0.024  0.000  0.000  0.952  0.024       42
 16:     0.024  0.000  0.000  0.952  0.024       42
 17:     0.000  0.040  0.000  0.960  0.000       25
 18:     0.026  0.079  0.000  0.763  0.132       38
 19:     0.486  0.057  0.114  0.229  0.114       35
 20:     0.298  0.035  0.070  0.456  0.140       57
 21:     0.125  0.000  0.125  0.500  0.250        8
 22:     0.352  0.000  0.074  0.352  0.222       54
 23:     0.333  0.000  0.000  0.613  0.053       75
 24:     0.360  0.000  0.040  0.500  0.100       50
 25:     0.238  0.000  0.000  0.714  0.048       42
 26:     0.595  0.024  0.024  0.286  0.071       42
 27:     0.111  0.667  0.074  0.037  0.111       27
 28:     0.148  0.556  0.074  0.074  0.148       27
 29:     0.161  0.643  0.036  0.036  0.125       56
 30:     0.086  0.690  0.052  0.000  0.172       58
 31:     0.073  0.415  0.000  0.049  0.463       41
 32:     0.038  0.500  0.000  0.000  0.462       26
 33:     0.078  0.333  0.000  0.137  0.451       51
 34:     0.097  0.161  0.065  0.000  0.677       31
 35:     0.192  0.135  0.019  0.019  0.635       52
 36:     0.000  0.209  0.000  0.000  0.791       43
 37:     0.043  0.174  0.000  0.043  0.739       23
 38:     0.048  0.143  0.048  0.000  0.762       42
 39:     0.024  0.000  0.000  0.000  0.976       41
 40:     0.121  0.485  0.000  0.000  0.394       33
 41:     0.077  0.269  0.038  0.000  0.615       26
 42:     0.229  0.286  0.000  0.029  0.457       35
 43:     0.227  0.227  0.000  0.000  0.545       22
 44:     0.231  0.346  0.077  0.058  0.288       52
 45:     0.268  0.244  0.024  0.024  0.439       41
 46:     0.587  0.304  0.065  0.000  0.043       46
 47:     0.421  0.342  0.237  0.000  0.000       38
 48:     0.362  0.259  0.328  0.000  0.052       58
 49:     0.691  0.200  0.091  0.000  0.018       55
 50:     0.508  0.180  0.295  0.016  0.000       61
 51:     0.514  0.257  0.171  0.000  0.057       35
 52:     0.522  0.087  0.391  0.000  0.000       23
 53:     0.038  0.154  0.731  0.058  0.019       52
 54:     0.273  0.091  0.636  0.000  0.000       22
 55:     0.314  0.029  0.657  0.000  0.000       35
 56:     0.500  0.000  0.500  0.000  0.000       14
 57:     0.095  0.214  0.690  0.000  0.000       42
 58:     0.179  0.103  0.718  0.000  0.000       39
 59:     0.000  0.107  0.875  0.018  0.000       56
 60:     0.020  0.041  0.939  0.000  0.000       49
 61:     0.000  0.000  0.963  0.000  0.037       27
 62:     0.000  0.000  1.000  0.000  0.000       41
 63:     0.000  0.000  1.000  0.000  0.000       33
