  1:     0.040  0.005  0.029  0.000  0.000  0.926       21
  2:     0.047  0.010  0.250  0.000  0.001  0.692       36
  3:     0.054  0.040  0.108  0.023  0.032  0.742       66
  4:     0.058  0.030  0.139  0.053  0.030  0.690       52
  5:     0.052  0.023  0.152  0.093  0.003  0.678       71
  6:     0.028  0.003  0.089  0.000  0.001  0.879       46
  7:     0.007  0.002  0.152  0.011  0.001  0.827       58
  8:     0.038  0.008  0.103  0.027  0.012  0.813       58
  9:     0.061  0.011  0.135  0.001  0.007  0.785       33
 10:     0.002  0.002  0.054  0.011  0.034  0.897       27
 11:     0.020  0.080  0.053  0.044  0.001  0.803       25
 12:     0.027  0.004  0.066  0.034  0.005  0.864       31
 13:     0.009  0.005  0.112  0.000  0.001  0.873       52
 14:     0.007  0.017  0.084  0.000  0.001  0.891       57
 15:     0.015  0.012  0.193  0.006  0.001  0.774       42
 16:     0.028  0.043  0.111  0.002  0.011  0.806       42
 17:     0.014  0.005  0.159  0.004  0.002  0.816       25
 18:     0.048  0.053  0.712  0.000  0.001  0.185       38
 19:     0.141  0.073  0.543  0.088  0.038  0.118       35
 20:     0.074  0.058  0.705  0.066  0.014  0.083       57
 21:     0.076  0.065  0.560  0.104  0.008  0.187        8
 22:     0.071  0.050  0.714  0.080  0.038  0.048       54
 23:     0.008  0.023  0.909  0.004  0.007  0.049       75
 24:     0.028  0.050  0.823  0.043  0.009  0.047       50
 25:     0.034  0.012  0.870  0.001  0.011  0.072       42
 26:     0.020  0.063  0.868  0.013  0.016  0.021       42
 27:     0.550  0.175  0.113  0.053  0.098  0.012       27
 28:     0.418  0.288  0.094  0.055  0.128  0.017       27
 29:     0.526  0.312  0.066  0.018  0.045  0.033       56
 30:     0.432  0.389  0.045  0.013  0.118  0.002       58
 31:     0.263  0.599  0.068  0.012  0.052  0.006       41
 32:     0.043  0.901  0.028  0.008  0.016  0.003       26
 33:     0.376  0.394  0.134  0.002  0.015  0.080       51
 34:     0.237  0.604  0.040  0.047  0.072  0.001       31
 35:     0.274  0.644  0.035  0.010  0.031  0.005       52
 36:     0.199  0.736  0.024  0.005  0.033  0.003       43
 37:     0.244  0.672  0.005  0.037  0.012  0.029       23
 38:     0.217  0.685  0.029  0.028  0.038  0.004       42
 39:     0.033  0.873  0.065  0.000  0.002  0.026       41
 40:     0.727  0.201  0.042  0.006  0.017  0.008       33
 41:     0.516  0.379  0.049  0.021  0.021  0.013       26
 42:     0.615  0.243  0.116  0.007  0.017  0.003       35
 43:     0.537  0.366  0.032  0.003  0.062  0.001       22
 44:     0.655  0.131  0.072  0.073  0.028  0.040       52
 45:     0.572  0.258  0.059  0.011  0.072  0.028       41
 46:     0.330  0.077  0.028  0.051  0.513  0.001       46
 47:     0.091  0.047  0.007  0.014  0.842  0.000       38
 48:     0.055  0.055  0.016  0.034  0.840  0.001       58
 49:     0.081  0.038  0.011  0.036  0.830  0.003       55
 50:     0.041  0.017  0.018  0.032  0.875  0.016       61
 51:     0.091  0.088  0.027  0.112  0.672  0.010       35
 52:     0.015  0.013  0.005  0.155  0.812  0.000       23
 53:     0.053  0.048  0.056  0.627  0.202  0.013       52
 54:     0.012  0.037  0.072  0.198  0.681  0.000       22
 55:     0.003  0.001  0.038  0.241  0.716  0.000       35
 56:     0.024  0.002  0.001  0.256  0.717  0.000       14
 57:     0.054  0.032  0.029  0.584  0.301  0.000       42
 58:     0.064  0.037  0.069  0.485  0.345  0.001       39
 59:     0.119  0.024  0.006  0.812  0.031  0.008       56
 60:     0.031  0.006  0.023  0.877  0.056  0.007       49
 61:     0.002  0.002  0.001  0.931  0.064  0.000       27
 62:     0.004  0.005  0.001  0.947  0.041  0.002       41
 63:     0.004  0.001  0.001  0.961  0.034  0.000       33
