  1:     0.048  0.000  0.000  0.952       21
  2:     0.000  0.000  0.000  1.000       36
  3:     0.076  0.045  0.015  0.864       66
  4:     0.077  0.058  0.058  0.808       52
  5:     0.028  0.014  0.113  0.845       71
  6:     0.022  0.000  0.000  0.978       46
  7:     0.000  0.000  0.034  0.966       58
  8:     0.000  0.034  0.052  0.914       58
  9:     0.030  0.030  0.000  0.939       33
 10:     0.000  0.037  0.037  0.926       27
 11:     0.120  0.000  0.040  0.840       25
 12:     0.000  0.000  0.065  0.935       31
 13:     0.000  0.000  0.000  1.000       52
 14:     0.000  0.000  0.000  1.000       57
 15:     0.024  0.000  0.024  0.952       42
 16:     0.048  0.024  0.000  0.929       42
 17:     0.000  0.000  0.000  1.000       25
 18:     0.184  0.000  0.000  0.816       38
 19:     0.086  0.143  0.171  0.600       35
 20:     0.175  0.053  0.088  0.684       57
 21:     0.125  0.000  0.125  0.750        8
 22:     0.167  0.167  0.093  0.574       54
 23:     0.040  0.080  0.000  0.880       75
 24:     0.100  0.040  0.080  0.780       50
 25:     0.071  0.048  0.000  0.881       42
 26:     0.214  0.071  0.071  0.643       42
 27:     0.704  0.148  0.111  0.037       27
 28:     0.370  0.370  0.148  0.111       27
 29:     0.875  0.054  0.036  0.036       56
 30:     0.810  0.155  0.034  0.000       58
 31:     0.829  0.098  0.024  0.049       41
 32:     1.000  0.000  0.000  0.000       26
 33:     0.804  0.020  0.000  0.176       51
 34:     0.774  0.194  0.032  0.000       31
 35:     0.885  0.077  0.019  0.019       52
 36:     0.884  0.093  0.023  0.000       43
 37:     0.913  0.043  0.043  0.000       23
 38:     0.905  0.048  0.048  0.000       42
 39:     0.927  0.024  0.000  0.049       41
 40:     0.848  0.061  0.030  0.061       33
 41:     0.846  0.077  0.038  0.038       26
 42:     0.886  0.086  0.000  0.029       35
 43:     0.818  0.136  0.000  0.045       22
 44:     0.654  0.154  0.096  0.096       52
 45:     0.610  0.293  0.024  0.073       41
 46:     0.152  0.717  0.130  0.000       46
 47:     0.000  1.000  0.000  0.000       38
 48:     0.034  0.966  0.000  0.000       58
 49:     0.018  0.945  0.036  0.000       55
 50:     0.000  0.902  0.066  0.033       61
 51:     0.086  0.800  0.114  0.000       35
 52:     0.000  0.870  0.130  0.000       23
 53:     0.038  0.135  0.788  0.038       52
 54:     0.000  0.727  0.273  0.000       22
 55:     0.000  0.571  0.429  0.000       35
 56:     0.000  0.714  0.286  0.000       14
 57:     0.048  0.333  0.619  0.000       42
 58:     0.051  0.385  0.564  0.000       39
 59:     0.018  0.018  0.946  0.018       56
 60:     0.000  0.041  0.939  0.020       49
 61:     0.000  0.037  0.963  0.000       27
 62:     0.000  0.024  0.976  0.000       41
 63:     0.000  0.030  0.970  0.000       33
