  1:     0.000  0.000  0.952  0.048  0.000       21
  2:     0.000  0.000  0.972  0.028  0.000       36
  3:     0.045  0.015  0.818  0.076  0.045       66
  4:     0.038  0.019  0.846  0.058  0.038       52
  5:     0.014  0.070  0.817  0.028  0.070       71
  6:     0.000  0.000  0.978  0.022  0.000       46
  7:     0.000  0.034  0.948  0.000  0.017       58
  8:     0.000  0.052  0.897  0.052  0.000       58
  9:     0.091  0.000  0.879  0.000  0.030       33
 10:     0.000  0.000  1.000  0.000  0.000       27
 11:     0.040  0.000  0.840  0.000  0.120       25
 12:     0.065  0.000  0.935  0.000  0.000       31
 13:     0.000  0.000  1.000  0.000  0.000       52
 14:     0.000  0.000  1.000  0.000  0.000       57
 15:     0.024  0.000  0.952  0.000  0.024       42
 16:     0.024  0.000  0.905  0.000  0.071       42
 17:     0.000  0.000  0.960  0.000  0.040       25
 18:     0.000  0.000  0.763  0.053  0.184       38
 19:     0.543  0.057  0.286  0.086  0.029       35
 20:     0.175  0.018  0.544  0.193  0.070       57
 21:     0.000  0.125  0.625  0.125  0.125        8
 22:     0.222  0.056  0.426  0.259  0.037       54
 23:     0.053  0.053  0.733  0.093  0.067       75
 24:     0.080  0.060  0.560  0.220  0.080       50
 25:     0.071  0.000  0.810  0.119  0.000       42
 26:     0.238  0.024  0.333  0.333  0.071       42
 27:     0.148  0.111  0.037  0.111  0.593       27
 28:     0.037  0.111  0.074  0.185  0.593       27
 29:     0.107  0.018  0.036  0.161  0.679       56
 30:     0.086  0.086  0.000  0.397  0.431       58
 31:     0.000  0.049  0.024  0.195  0.732       41
 32:     0.000  0.000  0.000  0.808  0.192       26
 33:     0.039  0.000  0.157  0.373  0.431       51
 34:     0.129  0.065  0.000  0.226  0.581       31
 35:     0.058  0.038  0.019  0.442  0.442       52
 36:     0.047  0.000  0.000  0.326  0.628       43
 37:     0.000  0.043  0.043  0.217  0.696       23
 38:     0.000  0.048  0.000  0.357  0.595       42
 39:     0.024  0.000  0.024  0.000  0.951       41
 40:     0.000  0.000  0.000  0.333  0.667       33
 41:     0.077  0.000  0.038  0.692  0.192       26
 42:     0.000  0.000  0.029  0.543  0.429       35
 43:     0.000  0.000  0.000  0.773  0.227       22
 44:     0.038  0.038  0.077  0.577  0.269       52
 45:     0.049  0.000  0.024  0.829  0.098       41
 46:     0.587  0.065  0.000  0.304  0.043       46
 47:     0.368  0.368  0.000  0.211  0.053       38
 48:     0.431  0.379  0.000  0.138  0.052       58
 49:     0.182  0.345  0.000  0.436  0.036       55
 50:     0.410  0.410  0.016  0.131  0.033       61
 51:     0.429  0.257  0.000  0.229  0.086       35
 52:     0.261  0.565  0.000  0.174  0.000       23
 53:     0.577  0.288  0.038  0.019  0.077       52
 54:     0.545  0.364  0.000  0.091  0.000       22
 55:     0.514  0.457  0.000  0.029  0.000       35
 56:     0.286  0.571  0.000  0.071  0.071       14
 57:     0.381  0.548  0.000  0.024  0.048       42
 58:     0.359  0.564  0.026  0.026  0.026       39
 59:     0.214  0.661  0.018  0.071  0.036       56
 60:     0.327  0.633  0.020  0.020  0.000       49
 61:     0.074  0.926  0.000  0.000  0.000       27
 62:     0.098  0.902  0.000  0.000  0.000       41
 63:     0.152  0.848  0.000  0.000  0.000       33
