  1:     0.000  0.952  0.000  0.048  0.000       21
  2:     0.000  0.944  0.000  0.000  0.056       36
  3:     0.030  0.848  0.015  0.030  0.076       66
  4:     0.038  0.808  0.058  0.058  0.038       52
  5:     0.000  0.817  0.113  0.042  0.028       71
  6:     0.000  0.957  0.000  0.022  0.022       46
  7:     0.000  0.966  0.017  0.017  0.000       58
  8:     0.017  0.914  0.017  0.000  0.052       58
  9:     0.000  0.939  0.000  0.061  0.000       33
 10:     0.037  0.963  0.000  0.000  0.000       27
 11:     0.000  0.840  0.040  0.040  0.080       25
 12:     0.000  0.935  0.032  0.032  0.000       31
 13:     0.000  0.962  0.000  0.000  0.038       52
 14:     0.000  0.982  0.000  0.000  0.018       57
 15:     0.000  0.952  0.000  0.024  0.024       42
 16:     0.024  0.881  0.000  0.071  0.024       42
 17:     0.000  1.000  0.000  0.000  0.000       25
 18:     0.000  0.737  0.000  0.158  0.105       38
 19:     0.057  0.400  0.086  0.171  0.286       35
 20:     0.018  0.509  0.070  0.158  0.246       57
 21:     0.000  0.500  0.125  0.000  0.375        8
 22:     0.111  0.389  0.074  0.111  0.315       54
 23:     0.040  0.693  0.000  0.053  0.213       75
 24:     0.040  0.560  0.100  0.080  0.220       50
 25:     0.048  0.714  0.000  0.071  0.167       42
 26:     0.048  0.476  0.000  0.381  0.095       42
 27:     0.111  0.000  0.037  0.704  0.148       27
 28:     0.111  0.074  0.074  0.519  0.222       27
 29:     0.036  0.000  0.000  0.679  0.286       56
 30:     0.103  0.000  0.017  0.707  0.172       58
 31:     0.049  0.024  0.000  0.780  0.146       41
 32:     0.000  0.000  0.000  0.962  0.038       26
 33:     0.000  0.157  0.000  0.451  0.392       51
 34:     0.032  0.000  0.032  0.129  0.806       31
 35:     0.019  0.000  0.000  0.308  0.673       52
 36:     0.000  0.000  0.000  0.442  0.558       43
 37:     0.043  0.000  0.043  0.304  0.609       23
 38:     0.024  0.000  0.024  0.286  0.667       42
 39:     0.000  0.024  0.000  0.098  0.878       41
 40:     0.030  0.000  0.000  0.121  0.848       33
 41:     0.038  0.038  0.038  0.462  0.423       26
 42:     0.029  0.029  0.000  0.229  0.714       35
 43:     0.000  0.000  0.000  0.409  0.591       22
 44:     0.038  0.058  0.077  0.096  0.731       52
 45:     0.049  0.024  0.000  0.049  0.878       41
 46:     0.630  0.000  0.087  0.109  0.174       46
 47:     0.895  0.000  0.026  0.053  0.026       38
 48:     0.914  0.000  0.017  0.000  0.069       58
 49:     0.909  0.000  0.018  0.036  0.036       55
 50:     0.918  0.033  0.000  0.016  0.033       61
 51:     0.800  0.000  0.086  0.057  0.057       35
 52:     0.783  0.000  0.174  0.000  0.043       23
 53:     0.212  0.019  0.596  0.173  0.000       52
 54:     0.636  0.000  0.227  0.000  0.136       22
 55:     0.657  0.000  0.314  0.000  0.029       35
 56:     0.714  0.000  0.214  0.000  0.071       14
 57:     0.238  0.000  0.667  0.024  0.071       42
 58:     0.308  0.000  0.487  0.051  0.154       39
 59:     0.018  0.018  0.893  0.036  0.036       56
 60:     0.041  0.000  0.918  0.020  0.020       49
 61:     0.074  0.000  0.926  0.000  0.000       27
 62:     0.024  0.000  0.976  0.000  0.000       41
 63:     0.030  0.000  0.970  0.000  0.000       33
