  1:     0.040  0.005  0.926  0.028  0.000  0.000       21
  2:     0.048  0.010  0.692  0.249  0.000  0.001       36
  3:     0.054  0.040  0.742  0.108  0.023  0.032       66
  4:     0.059  0.030  0.690  0.139  0.053  0.030       52
  5:     0.052  0.023  0.678  0.152  0.093  0.003       71
  6:     0.029  0.003  0.879  0.088  0.000  0.001       46
  7:     0.007  0.002  0.827  0.152  0.011  0.001       58
  8:     0.038  0.008  0.813  0.103  0.027  0.012       58
  9:     0.062  0.011  0.785  0.135  0.001  0.007       33
 10:     0.002  0.002  0.897  0.054  0.011  0.034       27
 11:     0.020  0.080  0.803  0.053  0.043  0.001       25
 12:     0.027  0.004  0.864  0.066  0.034  0.005       31
 13:     0.009  0.005  0.873  0.112  0.000  0.001       52
 14:     0.008  0.016  0.891  0.084  0.000  0.001       57
 15:     0.015  0.012  0.773  0.194  0.006  0.001       42
 16:     0.029  0.043  0.806  0.110  0.002  0.011       42
 17:     0.014  0.005  0.816  0.159  0.004  0.002       25
 18:     0.048  0.053  0.185  0.712  0.000  0.001       38
 19:     0.142  0.073  0.118  0.543  0.088  0.038       35
 20:     0.074  0.058  0.083  0.705  0.066  0.014       57
 21:     0.073  0.067  0.187  0.561  0.103  0.009        8
 22:     0.071  0.050  0.047  0.714  0.080  0.037       54
 23:     0.008  0.023  0.049  0.909  0.004  0.007       75
 24:     0.027  0.050  0.046  0.824  0.043  0.009       50
 25:     0.034  0.012  0.072  0.869  0.001  0.011       42
 26:     0.020  0.063  0.021  0.868  0.013  0.016       42
 27:     0.553  0.174  0.012  0.113  0.053  0.096       27
 28:     0.417  0.289  0.017  0.093  0.055  0.127       27
 29:     0.524  0.314  0.033  0.066  0.018  0.045       56
 30:     0.431  0.390  0.002  0.045  0.014  0.119       58
 31:     0.263  0.599  0.006  0.069  0.012  0.051       41
 32:     0.043  0.901  0.003  0.027  0.008  0.016       26
 33:     0.375  0.395  0.080  0.134  0.002  0.015       51
 34:     0.237  0.603  0.001  0.040  0.047  0.072       31
 35:     0.272  0.646  0.005  0.035  0.010  0.032       52
 36:     0.198  0.737  0.003  0.024  0.005  0.033       43
 37:     0.242  0.674  0.029  0.005  0.037  0.013       23
 38:     0.213  0.688  0.004  0.028  0.028  0.038       42
 39:     0.033  0.874  0.026  0.065  0.000  0.002       41
 40:     0.723  0.205  0.008  0.042  0.006  0.017       33
 41:     0.512  0.384  0.013  0.049  0.020  0.021       26
 42:     0.611  0.247  0.003  0.115  0.007  0.017       35
 43:     0.526  0.376  0.001  0.032  0.003  0.063       22
 44:     0.653  0.132  0.040  0.072  0.074  0.028       52
 45:     0.569  0.261  0.028  0.059  0.011  0.073       41
 46:     0.339  0.076  0.002  0.028  0.050  0.506       46
 47:     0.092  0.046  0.000  0.007  0.014  0.842       38
 48:     0.056  0.054  0.001  0.016  0.034  0.840       58
 49:     0.082  0.038  0.003  0.011  0.036  0.829       55
 50:     0.042  0.017  0.016  0.018  0.032  0.875       61
 51:     0.092  0.088  0.010  0.027  0.112  0.672       35
 52:     0.015  0.013  0.000  0.005  0.154  0.813       23
 53:     0.054  0.048  0.013  0.056  0.627  0.202       52
 54:     0.012  0.036  0.000  0.072  0.198  0.681       22
 55:     0.003  0.001  0.000  0.038  0.240  0.716       35
 56:     0.023  0.002  0.000  0.001  0.256  0.718       14
 57:     0.055  0.032  0.000  0.029  0.585  0.299       42
 58:     0.064  0.037  0.001  0.069  0.485  0.344       39
 59:     0.119  0.024  0.008  0.006  0.812  0.030       56
 60:     0.032  0.006  0.007  0.023  0.877  0.056       49
 61:     0.002  0.002  0.000  0.001  0.931  0.064       27
 62:     0.004  0.005  0.002  0.001  0.947  0.041       41
 63:     0.004  0.001  0.000  0.001  0.961  0.034       33
