  1:     0.000  0.951  0.023  0.026       21
  2:     0.001  0.724  0.015  0.260       36
  3:     0.037  0.778  0.052  0.133       66
  4:     0.073  0.716  0.051  0.160       52
  5:     0.084  0.700  0.044  0.172       71
  6:     0.001  0.895  0.016  0.088       46
  7:     0.011  0.843  0.003  0.142       58
  8:     0.035  0.835  0.023  0.107       58
  9:     0.005  0.805  0.045  0.145       33
 10:     0.026  0.912  0.001  0.061       27
 11:     0.027  0.810  0.062  0.101       25
 12:     0.041  0.874  0.010  0.075       31
 13:     0.001  0.878  0.007  0.114       52
 14:     0.001  0.898  0.015  0.086       57
 15:     0.004  0.795  0.014  0.188       42
 16:     0.016  0.836  0.029  0.119       42
 17:     0.010  0.853  0.013  0.124       25
 18:     0.001  0.207  0.072  0.720       38
 19:     0.140  0.124  0.139  0.597       35
 20:     0.070  0.096  0.092  0.742       57
 21:     0.115  0.192  0.127  0.566        8
 22:     0.102  0.054  0.062  0.782       54
 23:     0.011  0.057  0.013  0.920       75
 24:     0.051  0.060  0.054  0.835       50
 25:     0.006  0.076  0.027  0.891       42
 26:     0.036  0.025  0.030  0.909       42
 27:     0.199  0.014  0.638  0.148       27
 28:     0.181  0.036  0.611  0.172       27
 29:     0.097  0.051  0.733  0.120       56
 30:     0.123  0.005  0.795  0.077       58
 31:     0.059  0.008  0.816  0.117       41
 32:     0.009  0.009  0.944  0.037       26
 33:     0.011  0.100  0.715  0.174       51
 34:     0.124  0.001  0.807  0.068       31
 35:     0.060  0.007  0.857  0.076       52
 36:     0.043  0.005  0.881  0.071       43
 37:     0.041  0.047  0.894  0.018       23
 38:     0.069  0.005  0.853  0.072       42
 39:     0.006  0.051  0.747  0.196       41
 40:     0.043  0.022  0.853  0.082       33
 41:     0.047  0.017  0.868  0.068       26
 42:     0.038  0.005  0.815  0.141       35
 43:     0.012  0.001  0.941  0.046       22
 44:     0.157  0.054  0.657  0.132       52
 45:     0.079  0.038  0.767  0.116       41
 46:     0.555  0.003  0.382  0.061       46
 47:     0.724  0.001  0.218  0.057       38
 48:     0.742  0.002  0.191  0.065       58
 49:     0.581  0.006  0.337  0.076       55
 50:     0.807  0.018  0.125  0.050       61
 51:     0.653  0.016  0.269  0.062       35
 52:     0.862  0.000  0.103  0.035       23
 53:     0.858  0.016  0.058  0.068       52
 54:     0.855  0.000  0.066  0.079       22
 55:     0.921  0.001  0.035  0.043       35
 56:     0.871  0.000  0.121  0.007       14
 57:     0.916  0.001  0.047  0.036       42
 58:     0.863  0.001  0.045  0.091       39
 59:     0.875  0.025  0.082  0.019       56
 60:     0.917  0.015  0.027  0.042       49
 61:     0.992  0.000  0.004  0.003       27
 62:     0.977  0.017  0.005  0.001       41
 63:     0.994  0.000  0.001  0.005       33
