  1:     0.040  0.007  0.952  0.000  0.001  0.000       21
  2:     0.124  0.116  0.753  0.000  0.005  0.002       36
  3:     0.165  0.072  0.677  0.022  0.032  0.031       66
  4:     0.217  0.099  0.547  0.057  0.040  0.040       52
  5:     0.189  0.107  0.565  0.104  0.029  0.007       71
  6:     0.227  0.049  0.710  0.000  0.012  0.001       46
  7:     0.057  0.036  0.897  0.008  0.001  0.001       58
  8:     0.740  0.050  0.150  0.028  0.013  0.019       58
  9:     0.764  0.078  0.117  0.001  0.034  0.007       33
 10:     0.766  0.022  0.171  0.008  0.001  0.033       27
 11:     0.858  0.024  0.041  0.032  0.045  0.000       25
 12:     0.861  0.027  0.069  0.034  0.006  0.003       31
 13:     0.782  0.081  0.132  0.000  0.004  0.001       52
 14:     0.815  0.038  0.138  0.000  0.008  0.000       57
 15:     0.798  0.089  0.101  0.002  0.009  0.001       42
 16:     0.763  0.069  0.118  0.001  0.028  0.021       42
 17:     0.597  0.064  0.326  0.004  0.007  0.003       25
 18:     0.179  0.636  0.113  0.000  0.069  0.002       38
 19:     0.117  0.544  0.070  0.109  0.106  0.054       35
 20:     0.062  0.661  0.102  0.073  0.083  0.020       57
 21:     0.176  0.544  0.035  0.120  0.121  0.005        8
 22:     0.040  0.753  0.029  0.083  0.050  0.044       54
 23:     0.061  0.872  0.038  0.005  0.014  0.010       75
 24:     0.034  0.795  0.065  0.046  0.052  0.009       50
 25:     0.057  0.822  0.093  0.002  0.019  0.008       42
 26:     0.013  0.870  0.065  0.012  0.023  0.017       42
 27:     0.025  0.134  0.003  0.082  0.528  0.228       27
 28:     0.046  0.158  0.030  0.084  0.462  0.221       27
 29:     0.029  0.097  0.046  0.031  0.699  0.098       56
 30:     0.011  0.065  0.002  0.028  0.723  0.171       58
 31:     0.007  0.100  0.005  0.017  0.781  0.091       41
 32:     0.004  0.033  0.003  0.019  0.921  0.021       26
 33:     0.054  0.135  0.098  0.002  0.684  0.027       51
 34:     0.001  0.056  0.003  0.052  0.742  0.145       31
 35:     0.015  0.059  0.007  0.019  0.835  0.065       52
 36:     0.010  0.061  0.004  0.012  0.837  0.076       43
 37:     0.016  0.009  0.018  0.046  0.893  0.018       23
 38:     0.010  0.059  0.004  0.041  0.830  0.056       42
 39:     0.052  0.151  0.005  0.001  0.781  0.009       41
 40:     0.020  0.068  0.017  0.018  0.815  0.063       33
 41:     0.030  0.061  0.007  0.042  0.793  0.067       26
 42:     0.011  0.139  0.005  0.016  0.777  0.051       35
 43:     0.000  0.038  0.004  0.004  0.869  0.085       22
 44:     0.058  0.096  0.017  0.145  0.586  0.097       52
 45:     0.022  0.104  0.022  0.027  0.644  0.180       41
 46:     0.001  0.038  0.009  0.094  0.152  0.707       46
 47:     0.001  0.009  0.001  0.019  0.066  0.905       38
 48:     0.000  0.016  0.006  0.038  0.057  0.883       58
 49:     0.002  0.012  0.008  0.045  0.050  0.884       55
 50:     0.015  0.016  0.003  0.048  0.019  0.899       61
 51:     0.009  0.038  0.010  0.131  0.098  0.713       35
 52:     0.000  0.008  0.000  0.169  0.025  0.798       23
 53:     0.017  0.061  0.006  0.658  0.054  0.204       52
 54:     0.005  0.077  0.000  0.222  0.021  0.675       22
 55:     0.002  0.034  0.000  0.273  0.004  0.687       35
 56:     0.000  0.001  0.001  0.289  0.008  0.700       14
 57:     0.001  0.034  0.000  0.618  0.039  0.308       42
 58:     0.001  0.081  0.002  0.545  0.047  0.325       39
 59:     0.023  0.011  0.003  0.869  0.051  0.043       56
 60:     0.003  0.026  0.012  0.888  0.017  0.054       49
 61:     0.000  0.002  0.000  0.933  0.001  0.063       27
 62:     0.001  0.001  0.003  0.951  0.004  0.039       41
 63:     0.000  0.001  0.000  0.963  0.000  0.036       33
