  1:     0.952  0.048  0.000  0.000  0.000  0.000       21
  2:     0.861  0.000  0.000  0.000  0.000  0.139       36
  3:     0.803  0.045  0.015  0.015  0.030  0.091       66
  4:     0.712  0.038  0.058  0.096  0.000  0.096       52
  5:     0.718  0.028  0.000  0.099  0.028  0.127       71
  6:     0.957  0.000  0.000  0.000  0.000  0.043       46
  7:     0.862  0.000  0.000  0.017  0.000  0.121       58
  8:     0.897  0.000  0.017  0.034  0.017  0.034       58
  9:     0.818  0.030  0.000  0.000  0.000  0.152       33
 10:     0.963  0.000  0.037  0.000  0.000  0.000       27
 11:     0.880  0.080  0.000  0.040  0.000  0.000       25
 12:     0.903  0.000  0.000  0.000  0.065  0.032       31
 13:     0.904  0.000  0.000  0.000  0.000  0.096       52
 14:     0.912  0.000  0.000  0.000  0.000  0.088       57
 15:     0.881  0.024  0.000  0.024  0.024  0.048       42
 16:     0.905  0.024  0.024  0.000  0.000  0.048       42
 17:     1.000  0.000  0.000  0.000  0.000  0.000       25
 18:     0.158  0.079  0.000  0.000  0.000  0.763       38
 19:     0.171  0.029  0.000  0.114  0.114  0.571       35
 20:     0.053  0.088  0.000  0.070  0.053  0.737       57
 21:     0.250  0.125  0.000  0.125  0.000  0.500        8
 22:     0.037  0.037  0.037  0.074  0.037  0.778       54
 23:     0.067  0.000  0.027  0.000  0.000  0.907       75
 24:     0.040  0.060  0.000  0.080  0.000  0.820       50
 25:     0.095  0.000  0.000  0.000  0.000  0.905       42
 26:     0.000  0.000  0.000  0.000  0.000  1.000       42
 27:     0.000  0.519  0.185  0.074  0.074  0.148       27
 28:     0.000  0.407  0.074  0.074  0.296  0.148       27
 29:     0.018  0.804  0.018  0.018  0.089  0.054       56
 30:     0.000  0.759  0.172  0.017  0.017  0.034       58
 31:     0.000  0.780  0.049  0.024  0.049  0.098       41
 32:     0.000  0.885  0.038  0.000  0.038  0.038       26
 33:     0.059  0.725  0.020  0.000  0.020  0.176       51
 34:     0.000  0.742  0.097  0.000  0.129  0.032       31
 35:     0.000  0.885  0.058  0.000  0.019  0.038       52
 36:     0.000  0.860  0.023  0.000  0.093  0.023       43
 37:     0.043  0.913  0.000  0.043  0.000  0.000       23
 38:     0.000  0.833  0.048  0.024  0.024  0.071       42
 39:     0.024  0.829  0.024  0.000  0.000  0.122       41
 40:     0.000  0.879  0.030  0.000  0.030  0.061       33
 41:     0.000  0.808  0.077  0.038  0.038  0.038       26
 42:     0.000  0.800  0.029  0.029  0.000  0.143       35
 43:     0.000  0.864  0.091  0.000  0.000  0.045       22
 44:     0.058  0.577  0.115  0.154  0.019  0.077       52
 45:     0.024  0.537  0.122  0.000  0.220  0.098       41
 46:     0.000  0.109  0.130  0.000  0.717  0.043       46
 47:     0.000  0.000  0.842  0.000  0.158  0.000       38
 48:     0.000  0.034  0.741  0.017  0.207  0.000       58
 49:     0.000  0.018  0.891  0.018  0.073  0.000       55
 50:     0.016  0.000  0.803  0.049  0.131  0.000       61
 51:     0.000  0.086  0.514  0.057  0.314  0.029       35
 52:     0.000  0.000  0.783  0.043  0.174  0.000       23
 53:     0.019  0.058  0.077  0.135  0.673  0.038       52
 54:     0.000  0.000  0.318  0.136  0.500  0.045       22
 55:     0.000  0.000  0.343  0.143  0.486  0.029       35
 56:     0.000  0.000  0.357  0.143  0.500  0.000       14
 57:     0.000  0.048  0.143  0.381  0.381  0.048       42
 58:     0.000  0.000  0.179  0.256  0.487  0.077       39
 59:     0.018  0.018  0.000  0.750  0.214  0.000       56
 60:     0.000  0.000  0.000  0.694  0.286  0.020       49
 61:     0.000  0.000  0.074  0.815  0.111  0.000       27
 62:     0.000  0.000  0.000  0.829  0.171  0.000       41
 63:     0.000  0.000  0.030  0.909  0.061  0.000       33
