  1:     0.000  0.048  0.952       21
  2:     0.000  0.000  1.000       36
  3:     0.030  0.076  0.894       66
  4:     0.096  0.096  0.808       52
  5:     0.099  0.056  0.845       71
  6:     0.000  0.022  0.978       46
  7:     0.017  0.000  0.983       58
  8:     0.034  0.017  0.948       58
  9:     0.000  0.030  0.970       33
 10:     0.000  0.000  1.000       27
 11:     0.040  0.080  0.880       25
 12:     0.065  0.000  0.935       31
 13:     0.000  0.000  1.000       52
 14:     0.000  0.000  1.000       57
 15:     0.000  0.024  0.976       42
 16:     0.024  0.024  0.952       42
 17:     0.000  0.040  0.960       25
 18:     0.000  0.211  0.789       38
 19:     0.229  0.171  0.600       35
 20:     0.088  0.175  0.737       57
 21:     0.125  0.125  0.750        8
 22:     0.167  0.278  0.556       54
 23:     0.053  0.067  0.880       75
 24:     0.120  0.100  0.780       50
 25:     0.000  0.143  0.857       42
 26:     0.071  0.190  0.738       42
 27:     0.222  0.741  0.037       27
 28:     0.185  0.741  0.074       27
 29:     0.125  0.821  0.054       56
 30:     0.172  0.828  0.000       58
 31:     0.049  0.902  0.049       41
 32:     0.038  0.962  0.000       26
 33:     0.000  0.784  0.216       51
 34:     0.161  0.839  0.000       31
 35:     0.019  0.962  0.019       52
 36:     0.023  0.977  0.000       43
 37:     0.043  0.913  0.043       23
 38:     0.048  0.952  0.000       42
 39:     0.024  0.951  0.024       41
 40:     0.030  0.909  0.061       33
 41:     0.038  0.923  0.038       26
 42:     0.057  0.914  0.029       35
 43:     0.000  1.000  0.000       22
 44:     0.154  0.769  0.077       52
 45:     0.049  0.902  0.049       41
 46:     0.543  0.457  0.000       46
 47:     0.789  0.211  0.000       38
 48:     0.862  0.138  0.000       58
 49:     0.655  0.345  0.000       55
 50:     0.852  0.131  0.016       61
 51:     0.743  0.229  0.029       35
 52:     0.913  0.087  0.000       23
 53:     0.885  0.077  0.038       52
 54:     0.909  0.091  0.000       22
 55:     0.971  0.029  0.000       35
 56:     0.929  0.071  0.000       14
 57:     0.952  0.048  0.000       42
 58:     0.923  0.026  0.051       39
 59:     0.929  0.054  0.018       56
 60:     0.939  0.020  0.041       49
 61:     1.000  0.000  0.000       27
 62:     1.000  0.000  0.000       41
 63:     1.000  0.000  0.000       33
