1 4_1 (0) 1 :  0.000 0.000 0.921 0.000 0.079
2 6_2 (0) 1 :  0.000 0.000 1.000 0.000 0.000
3 10_3 (0) 1 :  0.000 0.000 0.978 0.000 0.022
4 11_4 (0) 1 :  0.000 0.000 0.998 0.000 0.002
5 12_5 (0) 1 :  0.000 0.000 1.000 0.000 0.000
6 13_6 (0) 1 :  0.000 0.000 0.989 0.000 0.011
7 18_7 (6) 1 :  0.000 0.000 0.910 0.003 0.087
8 19_8 (0) 1 :  0.000 0.000 0.876 0.000 0.123
9 20_9 (0) 1 :  0.000 0.000 1.000 0.000 0.000
10 21_10 (0) 1 :  0.000 0.001 0.981 0.007 0.010
11 22_11 (6) 1 :  0.000 0.000 0.973 0.004 0.023
12 24_12 (20) 1 :  0.003 0.002 0.941 0.020 0.033
13 26_13 (0) 1 :  0.001 0.005 0.492 0.450 0.052
14 31_14 (0) 1 :  0.000 0.000 0.998 0.000 0.002
15 33_15 (6) 1 :  0.000 0.000 0.986 0.000 0.013
16 34_16 (6) 1 :  0.000 0.000 0.986 0.000 0.014
17 37_17 (0) 1 :  0.000 0.000 1.000 0.000 0.000
18 38_18 (0) 1 :  0.000 0.000 0.999 0.000 0.001
19 39_19 (0) 1 :  0.000 0.000 0.997 0.000 0.003
20 46_20 (0) 1 :  0.000 0.000 0.849 0.000 0.151
21 48_21 (6) 1 :  0.000 0.000 0.995 0.000 0.005
22 1_22 (13) 2 :  0.000 0.000 1.000 0.000 0.000
23 2_23 (6) 2 :  0.000 0.000 0.987 0.000 0.013
24 3_24 (0) 2 :  0.000 0.000 0.740 0.000 0.260
25 4_25 (0) 2 :  0.000 0.000 0.991 0.000 0.009
26 6_26 (0) 2 :  0.000 0.000 0.290 0.024 0.685
27 7_27 (6) 2 :  0.001 0.081 0.282 0.028 0.609
28 8_28 (26) 2 :  0.000 0.000 0.918 0.000 0.082
29 9_29 (26) 2 :  0.000 0.000 0.439 0.000 0.560
30 10_30 (0) 2 :  0.000 0.003 0.662 0.000 0.335
31 11_31 (26) 2 :  0.000 0.003 0.016 0.201 0.780
32 12_32 (0) 2 :  0.000 0.001 0.622 0.000 0.378
33 13_33 (0) 2 :  0.000 0.000 0.983 0.000 0.017
34 14_34 (13) 2 :  0.002 0.000 0.563 0.003 0.432
35 16_35 (13) 2 :  0.000 0.000 0.993 0.001 0.007
36 17_36 (6) 2 :  0.000 0.006 0.292 0.009 0.694
37 18_37 (13) 2 :  0.000 0.001 0.460 0.001 0.538
38 19_38 (13) 2 :  0.000 0.000 0.924 0.000 0.076
39 21_39 (6) 2 :  0.000 0.002 0.359 0.111 0.528
40 22_40 (0) 2 :  0.000 0.000 0.497 0.000 0.503
41 24_41 (0) 2 :  0.000 0.000 0.918 0.000 0.081
42 25_42 (6) 2 :  0.000 0.000 0.999 0.000 0.001
43 26_43 (20) 2 :  0.000 0.000 0.850 0.002 0.147
44 27_44 (0) 2 :  0.000 0.000 0.962 0.000 0.038
45 28_45 (0) 2 :  0.000 0.000 0.999 0.000 0.001
46 30_46 (0) 2 :  0.000 0.000 0.957 0.000 0.043
47 31_47 (0) 2 :  0.000 0.000 0.976 0.002 0.022
48 32_48 (13) 2 :  0.006 0.009 0.289 0.000 0.695
49 33_49 (0) 2 :  0.000 0.000 0.952 0.000 0.048
50 36_50 (6) 2 :  0.000 0.000 0.993 0.000 0.007
51 37_51 (0) 2 :  0.000 0.000 0.086 0.000 0.914
52 38_52 (0) 2 :  0.000 0.008 0.668 0.000 0.323
53 39_53 (13) 2 :  0.000 0.001 0.519 0.003 0.478
54 41_54 (0) 2 :  0.000 0.000 0.516 0.000 0.483
55 45_55 (0) 2 :  0.000 0.000 0.862 0.011 0.127
56 46_56 (0) 2 :  0.000 0.000 0.985 0.000 0.015
57 47_57 (6) 2 :  0.000 0.000 0.913 0.000 0.087
58 1_58 (6) 3 :  0.000 0.000 1.000 0.000 0.000
59 2_59 (13) 3 :  0.003 0.097 0.265 0.589 0.045
60 3_60 (13) 3 :  0.000 0.000 0.638 0.000 0.361
61 5_61 (6) 3 :  0.000 0.000 0.983 0.001 0.017
62 7_62 (13) 3 :  0.000 0.000 0.955 0.001 0.043
63 9_63 (13) 3 :  0.000 0.000 0.434 0.016 0.550
64 10_64 (13) 3 :  0.000 0.000 0.990 0.000 0.010
65 11_65 (46) 3 :  0.001 0.002 0.957 0.001 0.040
66 14_66 (80) 3 :  0.000 0.002 0.609 0.081 0.308
67 15_67 (6) 3 :  0.000 0.000 0.967 0.000 0.033
68 16_68 (20) 3 :  0.000 0.000 0.772 0.000 0.228
69 17_69 (73) 3 :  0.154 0.045 0.202 0.063 0.537
70 18_70 (20) 3 :  0.001 0.000 0.910 0.001 0.088
71 20_71 (20) 3 :  0.001 0.000 0.508 0.043 0.449
72 21_72 (13) 3 :  0.000 0.000 1.000 0.000 0.000
73 22_73 (6) 3 :  0.000 0.000 0.949 0.037 0.014
74 23_74 (6) 3 :  0.000 0.000 0.944 0.000 0.056
75 24_75 (13) 3 :  0.000 0.000 1.000 0.000 0.000
76 25_76 (26) 3 :  0.000 0.000 0.769 0.002 0.229
77 26_77 (53) 3 :  0.000 0.000 0.002 0.282 0.715
78 27_78 (26) 3 :  0.000 0.000 0.935 0.001 0.064
79 28_79 (20) 3 :  0.004 0.000 0.491 0.029 0.476
80 29_80 (13) 3 :  0.000 0.000 0.993 0.000 0.007
81 30_81 (13) 3 :  0.000 0.000 0.992 0.000 0.008
82 31_82 (6) 3 :  0.001 0.000 0.997 0.000 0.002
83 32_83 (20) 3 :  0.000 0.000 1.000 0.000 0.000
84 33_84 (26) 3 :  0.000 0.000 0.439 0.032 0.528
85 34_85 (46) 3 :  0.003 0.050 0.141 0.032 0.774
86 36_86 (73) 3 :  0.310 0.471 0.157 0.014 0.048
87 38_87 (26) 3 :  0.000 0.000 0.988 0.004 0.008
88 39_88 (60) 3 :  0.002 0.000 0.005 0.077 0.917
89 40_89 (33) 3 :  0.000 0.000 0.996 0.000 0.004
90 41_90 (73) 3 :  0.000 0.000 0.987 0.001 0.012
91 42_91 (6) 3 :  0.000 0.032 0.909 0.004 0.055
92 43_92 (13) 3 :  0.000 0.000 0.985 0.000 0.014
93 44_93 (33) 3 :  0.109 0.004 0.391 0.301 0.195
94 46_94 (86) 3 :  0.889 0.063 0.010 0.021 0.017
95 47_95 (26) 3 :  0.046 0.539 0.029 0.335 0.051
96 48_96 (33) 3 :  0.000 0.000 0.998 0.000 0.002
97 50_97 (6) 3 :  0.000 0.000 0.818 0.000 0.182
98 52_98 (0) 3 :  0.000 0.000 0.997 0.000 0.003
99 54_99 (26) 3 :  0.018 0.018 0.492 0.435 0.036
100 55_100 (13) 3 :  0.000 0.000 1.000 0.000 0.000
101 56_101 (0) 3 :  0.000 0.000 0.982 0.000 0.018
102 57_102 (13) 3 :  0.000 0.000 0.995 0.000 0.005
103 58_103 (6) 3 :  0.000 0.000 0.925 0.057 0.018
104 59_104 (6) 3 :  0.000 0.000 1.000 0.000 0.000
105 60_105 (0) 3 :  0.000 0.000 0.997 0.000 0.003
106 63_106 (0) 3 :  0.000 0.000 1.000 0.000 0.000
107 64_107 (0) 3 :  0.000 0.000 1.000 0.000 0.000
108 65_108 (0) 3 :  0.000 0.000 0.977 0.000 0.023
109 66_109 (6) 3 :  0.000 0.000 0.998 0.001 0.001
110 67_110 (6) 3 :  0.000 0.000 0.928 0.000 0.072
111 69_111 (0) 3 :  0.000 0.000 0.950 0.000 0.050
112 73_112 (20) 3 :  0.000 0.002 0.983 0.000 0.015
113 76_113 (6) 3 :  0.000 0.000 0.996 0.000 0.004
114 78_114 (20) 3 :  0.000 0.000 0.998 0.000 0.002
115 80_115 (6) 3 :  0.000 0.000 0.762 0.223 0.015
116 81_116 (0) 3 :  0.000 0.000 0.998 0.000 0.002
117 82_117 (93) 3 :  0.143 0.151 0.243 0.314 0.149
118 83_118 (6) 3 :  0.000 0.000 1.000 0.000 0.000
119 84_119 (6) 3 :  0.000 0.006 0.958 0.011 0.025
120 85_120 (26) 3 :  0.000 0.000 0.999 0.000 0.001
121 86_121 (6) 3 :  0.000 0.001 0.774 0.106 0.119
122 87_122 (0) 3 :  0.000 0.000 0.956 0.021 0.022
123 88_123 (6) 3 :  0.000 0.814 0.034 0.014 0.138
124 1_124 (33) 4 :  0.242 0.002 0.486 0.042 0.227
125 3_125 (0) 4 :  0.035 0.929 0.001 0.026 0.010
126 5_126 (6) 4 :  0.000 0.000 0.986 0.001 0.013
127 8_127 (13) 4 :  0.000 0.022 0.000 0.009 0.968
128 9_128 (13) 4 :  0.000 0.000 0.986 0.001 0.013
129 10_129 (13) 4 :  0.036 0.003 0.003 0.134 0.824
130 11_130 (6) 4 :  0.000 0.000 0.989 0.001 0.010
131 12_131 (0) 4 :  0.172 0.000 0.259 0.003 0.566
132 13_132 (6) 4 :  0.000 0.000 0.998 0.000 0.002
133 15_133 (13) 4 :  0.000 0.000 0.838 0.000 0.162
134 16_134 (6) 4 :  0.000 0.000 1.000 0.000 0.000
135 18_135 (0) 4 :  0.000 0.000 0.997 0.000 0.003
136 19_136 (6) 4 :  0.002 0.000 0.117 0.859 0.021
137 20_137 (0) 4 :  0.000 0.000 0.999 0.000 0.000
138 21_138 (0) 4 :  0.000 0.000 0.860 0.001 0.139
139 22_139 (0) 4 :  0.000 0.000 0.998 0.001 0.000
140 23_140 (0) 4 :  0.000 0.000 0.997 0.000 0.003
141 24_141 (6) 4 :  0.119 0.019 0.429 0.289 0.143
142 25_142 (6) 4 :  0.000 0.000 1.000 0.000 0.000
143 26_143 (0) 4 :  0.000 0.000 0.926 0.008 0.066
144 27_144 (0) 4 :  0.000 0.000 0.982 0.000 0.018
145 28_145 (0) 4 :  0.000 0.003 0.156 0.001 0.840
146 29_146 (0) 4 :  0.311 0.637 0.013 0.002 0.038
147 30_147 (0) 4 :  0.000 0.000 0.995 0.000 0.005
148 31_148 (0) 4 :  0.000 0.000 0.998 0.000 0.002
149 32_149 (0) 4 :  0.001 0.000 0.981 0.000 0.019
150 33_150 (0) 4 :  0.000 0.000 0.020 0.000 0.979
151 34_151 (6) 4 :  0.000 0.000 0.981 0.000 0.019
152 35_152 (6) 4 :  0.742 0.253 0.000 0.000 0.004
153 36_153 (0) 4 :  0.152 0.221 0.018 0.481 0.128
154 37_154 (0) 4 :  0.000 0.000 0.963 0.000 0.037
155 38_155 (6) 4 :  0.000 0.000 0.999 0.000 0.001
156 39_156 (0) 4 :  0.000 0.000 0.863 0.001 0.136
157 41_157 (6) 4 :  0.000 0.000 0.949 0.001 0.049
158 42_158 (0) 4 :  0.766 0.000 0.083 0.000 0.151
159 44_159 (6) 4 :  0.000 0.000 0.916 0.001 0.083
160 46_160 (6) 4 :  0.000 0.000 0.995 0.000 0.004
161 47_161 (0) 4 :  0.001 0.000 0.786 0.000 0.212
162 50_162 (6) 4 :  0.000 0.001 0.735 0.074 0.190
163 51_163 (0) 4 :  0.000 0.000 1.000 0.000 0.000
164 53_164 (0) 4 :  0.068 0.000 0.287 0.644 0.001
165 54_165 (0) 4 :  0.000 0.000 0.994 0.000 0.006
166 55_166 (6) 4 :  0.000 0.000 0.995 0.000 0.005
167 56_167 (0) 4 :  0.579 0.013 0.206 0.005 0.196
168 57_168 (0) 4 :  0.000 0.000 0.985 0.000 0.015
169 58_169 (0) 4 :  0.000 0.000 0.999 0.000 0.001
170 59_170 (0) 4 :  0.000 0.000 0.976 0.001 0.024
171 60_171 (0) 4 :  0.000 0.000 0.997 0.000 0.003
172 61_172 (0) 4 :  0.000 0.000 0.909 0.001 0.090
173 62_173 (0) 4 :  0.000 0.000 0.920 0.000 0.080
174 63_174 (0) 4 :  0.015 0.000 0.016 0.000 0.969
175 64_175 (0) 4 :  0.000 0.000 0.995 0.000 0.005
176 1_176 (0) 5 :  0.000 0.000 0.996 0.000 0.004
177 2_177 (0) 5 :  0.000 0.017 0.197 0.029 0.756
178 4_178 (6) 5 :  0.000 0.000 0.140 0.015 0.845
179 5_179 (13) 5 :  0.000 0.000 0.998 0.000 0.002
180 8_180 (0) 5 :  0.002 0.000 0.775 0.001 0.223
181 9_181 (0) 5 :  0.039 0.017 0.680 0.172 0.091
182 11_182 (0) 5 :  0.015 0.001 0.870 0.074 0.040
183 13_183 (0) 5 :  0.000 0.000 0.978 0.000 0.022
184 15_184 (0) 5 :  0.000 0.000 0.916 0.000 0.084
185 17_185 (0) 5 :  0.000 0.000 0.999 0.000 0.001
186 18_186 (0) 5 :  0.000 0.000 0.998 0.000 0.002
187 19_187 (0) 5 :  0.000 0.000 0.994 0.000 0.006
188 20_188 (0) 5 :  0.512 0.001 0.001 0.266 0.221
189 21_189 (0) 5 :  0.692 0.019 0.017 0.261 0.010
190 22_190 (6) 5 :  0.958 0.001 0.000 0.016 0.025
191 23_191 (0) 5 :  0.000 0.000 0.988 0.000 0.011
192 25_192 (0) 5 :  0.000 0.001 0.214 0.740 0.045
193 26_193 (0) 5 :  0.000 0.000 0.996 0.000 0.003
194 29_194 (13) 5 :  0.000 0.000 0.993 0.002 0.005
195 30_195 (0) 5 :  0.000 0.000 0.018 0.000 0.982
196 31_196 (0) 5 :  0.000 0.000 0.992 0.000 0.008
197 32_197 (0) 5 :  0.000 0.000 0.115 0.001 0.884
198 33_198 (6) 5 :  0.000 0.000 0.996 0.000 0.004
199 34_199 (0) 5 :  0.001 0.001 0.005 0.000 0.993
200 35_200 (0) 5 :  0.000 0.000 0.997 0.000 0.003
201 36_201 (0) 5 :  0.000 0.000 0.988 0.003 0.009
202 38_202 (0) 5 :  0.000 0.000 1.000 0.000 0.000
203 39_203 (13) 5 :  0.007 0.000 0.844 0.000 0.149
204 40_204 (0) 5 :  0.000 0.000 0.797 0.000 0.203
205 41_205 (6) 5 :  0.217 0.032 0.719 0.018 0.015
206 42_206 (0) 5 :  0.000 0.000 0.387 0.000 0.613
207 43_207 (6) 5 :  0.000 0.000 0.913 0.000 0.087
208 44_208 (6) 5 :  0.056 0.003 0.475 0.014 0.453
209 46_209 (0) 5 :  0.000 0.000 0.942 0.000 0.058
210 47_210 (0) 5 :  0.000 0.000 1.000 0.000 0.000
211 49_211 (6) 5 :  0.001 0.001 0.616 0.004 0.378
212 50_212 (6) 5 :  0.000 0.000 0.858 0.000 0.142
213 51_213 (6) 5 :  0.042 0.000 0.837 0.000 0.120
214 53_214 (0) 5 :  0.962 0.024 0.000 0.000 0.013
215 54_215 (0) 5 :  0.000 0.000 1.000 0.000 0.000
216 55_216 (0) 5 :  0.000 0.000 0.372 0.003 0.625
217 56_217 (0) 5 :  0.000 0.000 0.989 0.000 0.011
218 57_218 (6) 5 :  0.000 0.000 0.907 0.000 0.092
219 58_219 (0) 5 :  0.000 0.000 0.998 0.000 0.002
220 59_220 (6) 5 :  0.000 0.000 0.985 0.000 0.015
221 60_221 (0) 5 :  0.168 0.001 0.348 0.000 0.482
222 61_222 (0) 5 :  0.991 0.001 0.007 0.000 0.001
223 62_223 (6) 5 :  0.000 0.000 0.597 0.018 0.385
224 63_224 (6) 5 :  0.000 0.000 0.996 0.000 0.004
225 65_225 (0) 5 :  0.951 0.004 0.039 0.005 0.001
226 66_226 (0) 5 :  0.000 0.000 0.999 0.000 0.001
227 67_227 (13) 5 :  0.000 0.000 0.769 0.015 0.216
228 68_228 (0) 5 :  0.002 0.000 0.541 0.002 0.454
229 71_229 (13) 5 :  0.000 0.000 0.980 0.001 0.020
230 72_230 (0) 5 :  0.000 0.000 0.986 0.006 0.008
231 73_231 (6) 5 :  0.001 0.000 0.726 0.031 0.242
232 74_232 (13) 5 :  0.003 0.347 0.006 0.098 0.546
233 75_233 (0) 5 :  0.833 0.018 0.064 0.002 0.082
234 76_234 (6) 5 :  0.017 0.000 0.969 0.001 0.013
235 77_235 (0) 5 :  0.000 0.000 0.846 0.000 0.154
236 79_236 (0) 5 :  0.955 0.003 0.014 0.000 0.028
237 80_237 (0) 5 :  0.000 0.000 0.938 0.000 0.062
238 81_238 (13) 5 :  0.000 0.000 0.998 0.000 0.002
239 82_239 (0) 5 :  0.013 0.008 0.165 0.676 0.138
240 83_240 (13) 5 :  0.000 0.000 0.825 0.004 0.171
241 86_241 (0) 5 :  0.000 0.000 0.982 0.002 0.016
242 87_242 (20) 5 :  0.000 0.000 0.998 0.000 0.002
243 88_243 (13) 5 :  0.000 0.000 0.958 0.000 0.042
244 89_244 (13) 5 :  0.000 0.000 1.000 0.000 0.000
245 90_245 (20) 5 :  0.000 0.000 0.959 0.000 0.041
246 92_246 (0) 5 :  0.000 0.000 0.918 0.000 0.082
247 1_247 (20) 6 :  0.001 0.000 0.961 0.026 0.012
248 2_248 (13) 6 :  0.000 0.000 0.841 0.000 0.159
249 3_249 (20) 6 :  0.004 0.014 0.031 0.416 0.535
250 4_250 (0) 6 :  0.000 0.000 1.000 0.000 0.000
251 5_251 (20) 6 :  0.000 0.000 0.998 0.000 0.002
252 6_252 (6) 6 :  0.001 0.001 0.991 0.000 0.008
253 7_253 (26) 6 :  0.000 0.000 0.905 0.000 0.094
254 9_254 (0) 6 :  0.000 0.000 0.999 0.000 0.001
255 10_255 (0) 6 :  0.000 0.000 0.853 0.006 0.141
256 11_256 (6) 6 :  0.000 0.000 1.000 0.000 0.000
257 12_257 (13) 6 :  0.000 0.000 1.000 0.000 0.000
258 13_258 (6) 6 :  0.000 0.000 0.707 0.000 0.293
259 14_259 (0) 6 :  0.000 0.000 0.997 0.000 0.003
260 16_260 (13) 6 :  0.000 0.008 0.794 0.010 0.188
261 17_261 (20) 6 :  0.000 0.000 0.984 0.000 0.016
262 18_262 (20) 6 :  0.000 0.000 1.000 0.000 0.000
263 19_263 (20) 6 :  0.000 0.000 0.969 0.001 0.030
264 20_264 (33) 6 :  0.001 0.000 0.992 0.000 0.007
265 21_265 (20) 6 :  0.000 0.000 0.997 0.002 0.001
266 22_266 (20) 6 :  0.000 0.000 0.681 0.002 0.317
267 23_267 (40) 6 :  0.000 0.000 0.998 0.000 0.002
268 24_268 (33) 6 :  0.003 0.011 0.434 0.000 0.552
269 25_269 (13) 6 :  0.000 0.000 0.952 0.000 0.048
270 26_270 (13) 6 :  0.000 0.000 1.000 0.000 0.000
271 27_271 (26) 6 :  0.000 0.000 0.993 0.000 0.006
272 28_272 (13) 6 :  0.000 0.000 0.997 0.000 0.003
273 29_273 (6) 6 :  0.000 0.000 1.000 0.000 0.000
274 30_274 (13) 6 :  0.001 0.000 0.738 0.001 0.261
275 31_275 (13) 6 :  0.000 0.000 1.000 0.000 0.000
276 32_276 (13) 6 :  0.000 0.000 0.989 0.000 0.011
277 33_277 (20) 6 :  0.003 0.026 0.548 0.063 0.359
278 34_278 (0) 6 :  0.000 0.000 0.996 0.000 0.004
279 35_279 (6) 6 :  0.000 0.000 1.000 0.000 0.000
280 36_280 (6) 6 :  0.000 0.000 0.710 0.000 0.289
281 37_281 (6) 6 :  0.000 0.000 0.972 0.000 0.028
282 38_282 (6) 6 :  0.000 0.000 0.973 0.000 0.027
283 39_283 (0) 6 :  0.000 0.000 0.681 0.002 0.317
284 40_284 (13) 6 :  0.000 0.000 0.997 0.000 0.003
285 41_285 (0) 6 :  0.000 0.000 0.944 0.000 0.056
286 42_286 (40) 6 :  0.000 0.000 0.996 0.000 0.004
287 43_287 (6) 6 :  0.000 0.000 1.000 0.000 0.000
288 44_288 (33) 6 :  0.000 0.000 1.000 0.000 0.000
289 45_289 (6) 6 :  0.000 0.000 0.722 0.041 0.237
290 46_290 (20) 6 :  0.000 0.000 0.841 0.000 0.159
291 47_291 (13) 6 :  0.002 0.001 0.689 0.065 0.243
292 48_292 (40) 6 :  0.000 0.000 0.994 0.000 0.006
293 1_293 (20) 7 :  0.000 0.001 0.968 0.010 0.021
294 2_294 (6) 7 :  0.000 0.000 0.999 0.000 0.001
295 3_295 (6) 7 :  0.000 0.000 0.949 0.000 0.051
296 4_296 (6) 7 :  0.000 0.000 0.997 0.000 0.003
297 6_297 (0) 7 :  0.000 0.000 0.987 0.000 0.013
298 7_298 (6) 7 :  0.000 0.000 1.000 0.000 0.000
299 8_299 (20) 7 :  0.000 0.000 0.593 0.001 0.405
300 9_300 (26) 7 :  0.000 0.000 0.989 0.000 0.011
301 10_301 (13) 7 :  0.001 0.000 0.989 0.000 0.009
302 11_302 (0) 7 :  0.000 0.000 0.159 0.000 0.840
303 13_303 (6) 7 :  0.000 0.000 1.000 0.000 0.000
304 14_304 (6) 7 :  0.001 0.007 0.974 0.000 0.018
305 15_305 (6) 7 :  0.000 0.000 0.261 0.001 0.738
306 16_306 (6) 7 :  0.000 0.000 0.816 0.000 0.184
307 17_307 (6) 7 :  0.000 0.001 0.768 0.058 0.173
308 18_308 (13) 7 :  0.000 0.000 0.991 0.000 0.009
309 19_309 (0) 7 :  0.356 0.043 0.483 0.001 0.118
310 20_310 (6) 7 :  0.000 0.000 0.997 0.000 0.003
311 21_311 (0) 7 :  0.000 0.000 0.972 0.000 0.028
312 22_312 (6) 7 :  0.000 0.000 0.998 0.000 0.002
313 23_313 (13) 7 :  0.001 0.001 0.817 0.002 0.180
314 24_314 (6) 7 :  0.000 0.000 0.996 0.000 0.004
315 25_315 (13) 7 :  0.000 0.000 0.966 0.000 0.034
316 26_316 (0) 7 :  0.001 0.000 0.019 0.011 0.969
317 27_317 (0) 7 :  0.000 0.000 0.985 0.000 0.015
318 28_318 (0) 7 :  0.000 0.000 0.187 0.000 0.813
319 29_319 (0) 7 :  0.000 0.000 0.935 0.000 0.065
320 30_320 (0) 7 :  0.000 0.000 0.946 0.000 0.054
321 31_321 (6) 7 :  0.000 0.001 0.972 0.000 0.028
322 32_322 (0) 7 :  0.000 0.000 0.938 0.000 0.062
323 33_323 (6) 7 :  0.001 0.000 0.847 0.003 0.148
324 34_324 (0) 7 :  0.000 0.000 0.788 0.002 0.210
325 35_325 (0) 7 :  0.000 0.000 0.998 0.000 0.002
326 37_326 (6) 7 :  0.000 0.000 1.000 0.000 0.000
327 38_327 (6) 7 :  0.000 0.000 0.952 0.000 0.048
328 39_328 (0) 7 :  0.002 0.000 0.141 0.000 0.857
329 40_329 (26) 7 :  0.000 0.000 0.999 0.000 0.001
330 41_330 (0) 7 :  0.000 0.000 0.996 0.000 0.004
331 42_331 (0) 7 :  0.000 0.000 0.949 0.039 0.012
332 43_332 (0) 7 :  0.000 0.000 0.999 0.000 0.001
333 44_333 (0) 7 :  0.002 0.000 0.752 0.005 0.241
334 45_334 (0) 7 :  0.000 0.000 0.990 0.001 0.009
335 46_335 (6) 7 :  0.000 0.000 0.997 0.000 0.003
336 47_336 (6) 7 :  0.000 0.000 0.949 0.000 0.051
337 49_337 (6) 7 :  0.000 0.000 0.981 0.000 0.019
338 50_338 (13) 7 :  0.000 0.000 1.000 0.000 0.000
339 51_339 (20) 7 :  0.002 0.000 0.805 0.002 0.191
340 52_340 (6) 7 :  0.000 0.000 0.995 0.000 0.005
341 53_341 (0) 7 :  0.000 0.000 0.994 0.000 0.006
342 54_342 (0) 7 :  0.000 0.000 0.809 0.001 0.191
343 55_343 (6) 7 :  0.000 0.000 0.877 0.000 0.123
344 56_344 (0) 7 :  0.000 0.000 0.626 0.000 0.374
345 57_345 (33) 7 :  0.000 0.003 0.955 0.008 0.034
346 58_346 (0) 7 :  0.000 0.000 0.961 0.000 0.039
347 59_347 (0) 7 :  0.000 0.000 0.861 0.000 0.139
348 61_348 (0) 7 :  0.000 0.000 0.989 0.000 0.011
349 62_349 (0) 7 :  0.002 0.000 0.019 0.000 0.979
350 64_350 (6) 7 :  0.382 0.059 0.527 0.000 0.032
351 1_351 (6) 8 :  0.000 0.000 0.993 0.000 0.007
352 2_352 (0) 8 :  0.000 0.000 0.975 0.007 0.018
353 3_353 (0) 8 :  0.000 0.000 0.944 0.000 0.056
354 4_354 (13) 8 :  0.000 0.000 1.000 0.000 0.000
355 5_355 (0) 8 :  0.000 0.000 1.000 0.000 0.000
356 6_356 (6) 8 :  0.000 0.000 0.967 0.000 0.033
357 7_357 (0) 8 :  0.000 0.000 0.743 0.001 0.256
358 8_358 (13) 8 :  0.027 0.173 0.018 0.537 0.245
359 9_359 (6) 8 :  0.859 0.010 0.003 0.000 0.128
360 10_360 (0) 8 :  0.000 0.000 0.246 0.000 0.754
361 11_361 (6) 8 :  0.000 0.000 1.000 0.000 0.000
362 12_362 (0) 8 :  0.000 0.000 0.963 0.000 0.037
363 13_363 (0) 8 :  0.000 0.000 0.996 0.000 0.004
364 14_364 (0) 8 :  0.013 0.007 0.501 0.039 0.439
365 15_365 (0) 8 :  0.000 0.000 0.837 0.000 0.163
366 17_366 (33) 8 :  0.000 0.000 0.921 0.009 0.070
367 18_367 (0) 8 :  0.000 0.000 1.000 0.000 0.000
368 19_368 (0) 8 :  0.000 0.000 0.995 0.000 0.005
369 23_369 (0) 8 :  0.000 0.000 0.529 0.000 0.471
370 24_370 (0) 8 :  0.000 0.000 0.964 0.000 0.036
371 25_371 (0) 8 :  0.000 0.000 0.982 0.000 0.018
372 26_372 (6) 8 :  0.000 0.000 1.000 0.000 0.000
373 27_373 (6) 8 :  0.000 0.000 0.913 0.058 0.029
374 28_374 (0) 8 :  0.000 0.000 0.978 0.000 0.022
375 29_375 (0) 8 :  0.000 0.000 0.983 0.000 0.017
376 30_376 (6) 8 :  0.141 0.000 0.781 0.001 0.077
377 31_377 (0) 8 :  0.000 0.000 0.924 0.000 0.076
378 32_378 (0) 8 :  0.000 0.000 1.000 0.000 0.000
379 33_379 (6) 8 :  0.000 0.000 0.999 0.000 0.001
380 34_380 (13) 8 :  0.003 0.000 0.954 0.013 0.029
381 35_381 (0) 8 :  0.000 0.000 0.826 0.000 0.174
382 36_382 (0) 8 :  0.000 0.000 0.973 0.000 0.027
383 39_383 (0) 8 :  0.000 0.000 0.998 0.001 0.001
384 40_384 (0) 8 :  0.000 0.000 1.000 0.000 0.000
385 41_385 (0) 8 :  0.000 0.000 0.926 0.000 0.074
386 44_386 (53) 8 :  0.571 0.332 0.018 0.015 0.065
387 45_387 (20) 8 :  0.000 0.000 0.945 0.001 0.053
388 46_388 (40) 8 :  0.000 0.000 0.965 0.000 0.035
389 47_389 (6) 8 :  0.000 0.000 0.702 0.000 0.298
390 48_390 (13) 8 :  0.000 0.000 0.989 0.000 0.011
391 49_391 (13) 8 :  0.019 0.000 0.831 0.000 0.151
392 50_392 (6) 8 :  0.000 0.000 0.999 0.000 0.001
393 51_393 (13) 8 :  0.000 0.000 1.000 0.000 0.000
394 52_394 (0) 8 :  0.000 0.000 0.997 0.000 0.003
395 53_395 (20) 8 :  0.000 0.000 0.966 0.000 0.034
396 54_396 (20) 8 :  0.008 0.797 0.156 0.017 0.023
397 55_397 (46) 8 :  0.000 0.000 0.954 0.010 0.036
398 56_398 (13) 8 :  0.000 0.000 0.999 0.000 0.001
399 57_399 (6) 8 :  0.000 0.000 0.093 0.002 0.905
400 62_400 (26) 8 :  0.004 0.127 0.731 0.126 0.012
401 64_401 (33) 8 :  0.000 0.002 0.501 0.198 0.299
402 65_402 (0) 8 :  0.000 0.000 0.999 0.000 0.001
403 67_403 (0) 8 :  0.000 0.000 1.000 0.000 0.000
404 68_404 (0) 8 :  0.000 0.000 0.999 0.000 0.001
405 69_405 (0) 8 :  0.000 0.000 0.997 0.000 0.003
406 70_406 (0) 8 :  0.000 0.000 0.961 0.000 0.039
407 71_407 (6) 8 :  0.000 0.000 0.445 0.000 0.555
408 72_408 (0) 8 :  0.000 0.000 0.796 0.000 0.204
409 2_409 (6) 9 :  0.000 0.000 0.998 0.000 0.001
410 3_410 (33) 9 :  0.001 0.162 0.136 0.119 0.582
411 4_411 (6) 9 :  0.003 0.001 0.895 0.000 0.102
412 5_412 (6) 9 :  0.000 0.000 0.998 0.000 0.002
413 6_413 (6) 9 :  0.000 0.000 0.961 0.001 0.038
414 7_414 (53) 9 :  0.002 0.005 0.749 0.038 0.206
415 10_415 (6) 9 :  0.000 0.000 0.976 0.000 0.024
416 11_416 (6) 9 :  0.000 0.000 0.948 0.001 0.051
417 13_417 (6) 9 :  0.000 0.001 0.896 0.002 0.101
418 16_418 (6) 9 :  0.008 0.009 0.928 0.012 0.042
419 17_419 (6) 9 :  0.000 0.009 0.788 0.000 0.203
420 19_420 (46) 9 :  0.009 0.009 0.684 0.040 0.259
421 25_421 (6) 9 :  0.002 0.005 0.029 0.963 0.001
422 27_422 (6) 9 :  0.003 0.000 0.977 0.000 0.020
423 28_423 (0) 9 :  0.001 0.005 0.241 0.002 0.750
424 30_424 (0) 9 :  0.000 0.000 0.771 0.000 0.228
425 34_425 (0) 9 :  0.000 0.000 0.997 0.000 0.003
426 37_426 (13) 9 :  0.000 0.000 0.987 0.000 0.013
427 38_427 (6) 9 :  0.000 0.000 0.986 0.000 0.013
428 40_428 (46) 9 :  0.000 0.005 0.783 0.033 0.178
429 42_429 (20) 9 :  0.000 0.000 0.995 0.000 0.005
430 43_430 (6) 9 :  0.000 0.000 0.994 0.000 0.006
431 45_431 (6) 9 :  0.000 0.000 0.992 0.001 0.007
432 46_432 (20) 9 :  0.001 0.003 0.928 0.009 0.059
433 47_433 (6) 9 :  0.000 0.000 0.679 0.008 0.313
434 48_434 (26) 9 :  0.000 0.000 0.812 0.000 0.188
435 53_435 (6) 9 :  0.004 0.198 0.676 0.115 0.007
436 55_436 (6) 9 :  0.002 0.000 0.686 0.001 0.310
437 56_437 (20) 9 :  0.000 0.000 0.992 0.000 0.007
438 57_438 (13) 9 :  0.000 0.000 0.999 0.000 0.001
439 60_439 (0) 9 :  0.000 0.000 0.993 0.000 0.007
440 62_440 (26) 9 :  0.001 0.001 0.432 0.004 0.562
441 63_441 (13) 9 :  0.000 0.000 0.706 0.003 0.291
442 2_442 (6) 10 :  0.000 0.000 1.000 0.000 0.000
443 3_443 (6) 10 :  0.000 0.000 0.982 0.002 0.016
444 5_444 (0) 10 :  0.000 0.000 0.993 0.000 0.007
445 7_445 (6) 10 :  0.000 0.000 0.984 0.000 0.016
446 8_446 (33) 10 :  0.001 0.000 0.970 0.004 0.025
447 9_447 (0) 10 :  0.000 0.000 0.997 0.000 0.003
448 11_448 (6) 10 :  0.001 0.000 0.950 0.009 0.040
449 13_449 (20) 10 :  0.000 0.000 0.998 0.000 0.001
450 15_450 (6) 10 :  0.000 0.000 0.924 0.003 0.073
451 18_451 (6) 10 :  0.000 0.000 0.978 0.002 0.020
452 19_452 (0) 10 :  0.000 0.000 0.760 0.000 0.240
453 20_453 (6) 10 :  0.000 0.000 0.999 0.000 0.001
454 23_454 (6) 10 :  0.000 0.000 0.995 0.000 0.005
455 25_455 (0) 10 :  0.000 0.000 0.981 0.000 0.018
456 30_456 (6) 10 :  0.005 0.873 0.034 0.002 0.087
457 34_457 (26) 10 :  0.010 0.000 0.971 0.000 0.019
458 37_458 (0) 10 :  0.000 0.000 0.979 0.000 0.021
459 38_459 (26) 10 :  0.000 0.000 0.864 0.003 0.133
460 42_460 (20) 10 :  0.000 0.000 0.997 0.000 0.003
461 43_461 (0) 10 :  0.000 0.000 0.638 0.003 0.358
462 46_462 (13) 10 :  0.001 0.000 0.993 0.001 0.005
463 48_463 (13) 10 :  0.004 0.000 0.992 0.000 0.003
464 49_464 (0) 10 :  0.000 0.000 0.992 0.000 0.008
465 50_465 (6) 10 :  0.000 0.000 1.000 0.000 0.000
466 54_466 (0) 10 :  0.000 0.000 0.999 0.000 0.001
467 55_467 (40) 10 :  0.307 0.000 0.417 0.003 0.274
468 56_468 (6) 10 :  0.000 0.000 0.953 0.000 0.047
469 1_469 (0) 11 :  0.000 0.000 0.954 0.001 0.046
470 2_470 (0) 11 :  0.098 0.004 0.723 0.034 0.141
471 3_471 (0) 11 :  0.000 0.000 0.997 0.001 0.002
472 4_472 (0) 11 :  0.000 0.001 0.777 0.001 0.221
473 5_473 (0) 11 :  0.018 0.005 0.491 0.189 0.297
474 7_474 (0) 11 :  0.080 0.000 0.000 0.761 0.159
475 8_475 (0) 11 :  0.001 0.000 0.928 0.003 0.068
476 10_476 (6) 11 :  0.000 0.000 0.995 0.000 0.004
477 11_477 (0) 11 :  0.082 0.001 0.423 0.470 0.024
478 14_478 (0) 11 :  0.000 0.000 0.999 0.000 0.001
479 15_479 (0) 11 :  0.000 0.000 0.992 0.000 0.008
480 19_480 (0) 11 :  0.000 0.000 0.980 0.000 0.020
481 21_481 (0) 11 :  0.006 0.023 0.450 0.374 0.146
482 23_482 (0) 11 :  0.000 0.000 0.990 0.000 0.010
483 24_483 (6) 11 :  0.865 0.004 0.028 0.016 0.086
484 26_484 (0) 11 :  0.000 0.000 0.952 0.002 0.046
485 27_485 (0) 11 :  0.005 0.000 0.699 0.008 0.288
486 32_486 (0) 11 :  0.000 0.000 0.971 0.000 0.029
487 34_487 (0) 11 :  0.000 0.000 1.000 0.000 0.000
488 37_488 (0) 11 :  0.000 0.000 1.000 0.000 0.000
489 38_489 (0) 11 :  0.000 0.000 0.913 0.051 0.036
490 39_490 (0) 11 :  0.000 0.000 0.963 0.005 0.031
491 40_491 (0) 11 :  0.000 0.000 1.000 0.000 0.000
492 43_492 (6) 11 :  0.000 0.000 0.999 0.000 0.001
493 47_493 (0) 11 :  0.000 0.000 1.000 0.000 0.000
494 1_494 (6) 12 :  0.000 0.000 0.999 0.000 0.001
495 2_495 (6) 12 :  0.000 0.000 0.976 0.000 0.024
496 3_496 (0) 12 :  0.000 0.000 0.963 0.023 0.014
497 4_497 (13) 12 :  0.000 0.000 0.970 0.001 0.029
498 7_498 (0) 12 :  0.000 0.000 1.000 0.000 0.000
499 8_499 (13) 12 :  0.000 0.000 1.000 0.000 0.000
500 9_500 (20) 12 :  0.000 0.000 0.991 0.000 0.009
501 10_501 (13) 12 :  0.000 0.000 1.000 0.000 0.000
502 11_502 (6) 12 :  0.983 0.002 0.005 0.002 0.007
503 12_503 (6) 12 :  0.020 0.109 0.345 0.021 0.503
504 15_504 (13) 12 :  0.000 0.000 0.999 0.000 0.001
505 17_505 (6) 12 :  0.000 0.000 0.994 0.001 0.005
506 18_506 (6) 12 :  0.000 0.000 1.000 0.000 0.000
507 19_507 (6) 12 :  0.000 0.000 0.998 0.000 0.002
508 20_508 (13) 12 :  0.000 0.000 0.594 0.000 0.406
509 21_509 (6) 12 :  0.000 0.000 0.999 0.000 0.001
510 25_510 (6) 12 :  0.000 0.000 0.326 0.001 0.673
511 26_511 (0) 12 :  0.000 0.000 0.983 0.000 0.017
512 28_512 (6) 12 :  0.000 0.000 1.000 0.000 0.000
513 31_513 (13) 12 :  0.010 0.000 0.756 0.101 0.132
514 32_514 (13) 12 :  0.000 0.000 1.000 0.000 0.000
515 33_515 (13) 12 :  0.000 0.000 1.000 0.000 0.000
516 36_516 (6) 12 :  0.000 0.000 0.999 0.000 0.001
517 41_517 (6) 12 :  0.000 0.000 1.000 0.000 0.000
518 43_518 (6) 12 :  0.000 0.000 0.999 0.001 0.000
519 44_519 (33) 12 :  0.000 0.000 0.994 0.000 0.005
520 50_520 (0) 12 :  0.000 0.000 0.998 0.000 0.002
521 52_521 (60) 12 :  0.001 0.000 0.977 0.002 0.021
522 53_522 (20) 12 :  0.162 0.107 0.124 0.173 0.434
523 55_523 (26) 12 :  0.000 0.000 0.974 0.000 0.026
524 56_524 (6) 12 :  0.000 0.000 1.000 0.000 0.000
525 1_525 (0) 13 :  0.000 0.000 0.999 0.000 0.001
526 3_526 (6) 13 :  0.000 0.001 0.933 0.002 0.064
527 5_527 (6) 13 :  0.000 0.001 0.959 0.005 0.035
528 8_528 (13) 13 :  0.000 0.000 0.999 0.000 0.000
529 9_529 (6) 13 :  0.000 0.006 0.097 0.000 0.897
530 10_530 (6) 13 :  0.000 0.000 0.999 0.000 0.001
531 13_531 (6) 13 :  0.000 0.000 0.989 0.000 0.011
532 14_532 (0) 13 :  0.000 0.000 0.275 0.008 0.717
533 16_533 (6) 13 :  0.000 0.000 1.000 0.000 0.000
534 21_534 (0) 13 :  0.000 0.000 1.000 0.000 0.000
535 23_535 (6) 13 :  0.000 0.000 0.995 0.000 0.005
536 26_536 (0) 13 :  0.001 0.002 0.254 0.050 0.694
537 27_537 (0) 13 :  0.000 0.000 1.000 0.000 0.000
538 29_538 (13) 13 :  0.000 0.000 0.998 0.000 0.001
539 32_539 (0) 13 :  0.000 0.000 1.000 0.000 0.000
540 37_540 (0) 13 :  0.000 0.000 0.998 0.000 0.002
541 38_541 (0) 13 :  0.000 0.000 1.000 0.000 0.000
542 41_542 (6) 13 :  0.000 0.000 0.986 0.000 0.014
543 42_543 (0) 13 :  0.000 0.000 0.427 0.026 0.547
544 43_544 (0) 13 :  0.000 0.000 0.999 0.000 0.001
545 44_545 (0) 13 :  0.001 0.001 0.115 0.000 0.882
546 45_546 (0) 13 :  0.000 0.000 0.999 0.000 0.001
547 46_547 (0) 13 :  0.000 0.000 0.951 0.000 0.049
548 47_548 (0) 13 :  0.000 0.000 0.989 0.000 0.011
549 48_549 (0) 13 :  0.000 0.000 0.998 0.000 0.002
550 49_550 (6) 13 :  0.000 0.000 0.994 0.002 0.004
551 50_551 (0) 13 :  0.000 0.000 0.697 0.005 0.298
552 53_552 (6) 13 :  0.000 0.000 0.975 0.000 0.025
553 56_553 (6) 13 :  0.001 0.003 0.850 0.128 0.018
554 57_554 (0) 13 :  0.001 0.051 0.636 0.090 0.222
555 58_555 (0) 13 :  0.000 0.000 1.000 0.000 0.000
556 59_556 (0) 13 :  0.000 0.000 1.000 0.000 0.000
557 60_557 (6) 13 :  0.000 0.000 0.984 0.000 0.016
558 61_558 (0) 13 :  0.000 0.000 0.998 0.000 0.002
559 63_559 (6) 13 :  0.000 0.000 0.944 0.002 0.054
560 65_560 (6) 13 :  0.001 0.001 0.985 0.000 0.013
561 69_561 (0) 13 :  0.000 0.000 0.998 0.000 0.001
562 70_562 (6) 13 :  0.004 0.015 0.375 0.013 0.593
563 72_563 (0) 13 :  0.000 0.000 0.995 0.003 0.002
564 74_564 (0) 13 :  0.000 0.000 1.000 0.000 0.000
565 75_565 (6) 13 :  0.000 0.000 1.000 0.000 0.000
566 76_566 (6) 13 :  0.000 0.000 0.987 0.000 0.013
567 79_567 (0) 13 :  0.000 0.000 0.906 0.000 0.094
568 80_568 (6) 13 :  0.000 0.000 0.995 0.001 0.004
569 82_569 (0) 13 :  0.000 0.000 1.000 0.000 0.000
570 83_570 (0) 13 :  0.000 0.000 0.973 0.000 0.026
571 85_571 (6) 13 :  0.000 0.000 0.317 0.000 0.683
572 86_572 (0) 13 :  0.000 0.000 0.986 0.000 0.014
573 88_573 (6) 13 :  0.000 0.000 0.995 0.004 0.002
574 90_574 (0) 13 :  0.000 0.000 0.992 0.000 0.008
575 91_575 (0) 13 :  0.000 0.000 1.000 0.000 0.000
576 95_576 (0) 13 :  0.000 0.000 0.993 0.000 0.007
577 1_577 (0) 14 :  0.000 0.000 0.988 0.000 0.012
578 2_578 (6) 14 :  0.000 0.000 0.997 0.000 0.002
579 3_579 (0) 14 :  0.000 0.000 1.000 0.000 0.000
580 5_580 (0) 14 :  0.000 0.000 0.316 0.017 0.667
581 6_581 (0) 14 :  0.000 0.000 0.997 0.002 0.002
582 7_582 (0) 14 :  0.000 0.000 0.995 0.000 0.005
583 8_583 (13) 14 :  0.000 0.000 0.497 0.019 0.483
584 9_584 (6) 14 :  0.000 0.000 1.000 0.000 0.000
585 10_585 (0) 14 :  0.000 0.000 0.830 0.163 0.007
586 11_586 (13) 14 :  0.000 0.000 1.000 0.000 0.000
587 12_587 (0) 14 :  0.000 0.000 0.997 0.000 0.003
588 13_588 (0) 14 :  0.000 0.000 1.000 0.000 0.000
589 14_589 (0) 14 :  0.000 0.000 0.998 0.000 0.002
590 15_590 (0) 14 :  0.000 0.000 0.811 0.040 0.149
591 16_591 (6) 14 :  0.000 0.000 1.000 0.000 0.000
592 17_592 (0) 14 :  0.000 0.000 0.992 0.000 0.008
593 18_593 (13) 14 :  0.000 0.000 0.998 0.000 0.002
594 19_594 (0) 14 :  0.000 0.000 0.975 0.000 0.025
595 20_595 (6) 14 :  0.003 0.000 0.981 0.000 0.016
596 21_596 (20) 14 :  0.000 0.000 0.269 0.250 0.481
597 22_597 (0) 14 :  0.000 0.000 1.000 0.000 0.000
598 24_598 (0) 14 :  0.000 0.003 0.995 0.001 0.001
599 25_599 (6) 14 :  0.000 0.000 0.994 0.000 0.006
600 26_600 (0) 14 :  0.000 0.000 0.959 0.000 0.041
601 28_601 (13) 14 :  0.001 0.000 0.967 0.000 0.033
602 29_602 (0) 14 :  0.000 0.000 0.998 0.000 0.001
603 30_603 (0) 14 :  0.013 0.001 0.941 0.043 0.002
604 31_604 (20) 14 :  0.000 0.000 0.996 0.000 0.004
605 32_605 (0) 14 :  0.000 0.000 1.000 0.000 0.000
606 33_606 (6) 14 :  0.000 0.000 1.000 0.000 0.000
607 34_607 (0) 14 :  0.000 0.000 0.995 0.001 0.004
608 35_608 (6) 14 :  0.000 0.000 0.984 0.000 0.016
609 36_609 (20) 14 :  0.005 0.119 0.804 0.021 0.052
610 37_610 (6) 14 :  0.000 0.000 1.000 0.000 0.000
611 38_611 (6) 14 :  0.000 0.000 0.566 0.073 0.361
612 41_612 (0) 14 :  0.000 0.000 0.999 0.000 0.001
613 42_613 (0) 14 :  0.000 0.000 1.000 0.000 0.000
614 43_614 (0) 14 :  0.000 0.000 1.000 0.000 0.000
615 44_615 (0) 14 :  0.000 0.000 0.997 0.000 0.003
616 45_616 (6) 14 :  0.000 0.000 0.998 0.000 0.002
617 46_617 (6) 14 :  0.000 0.000 0.419 0.031 0.549
618 48_618 (6) 14 :  0.000 0.000 0.997 0.000 0.003
619 49_619 (0) 14 :  0.000 0.000 0.999 0.000 0.001
620 50_620 (13) 14 :  0.000 0.000 1.000 0.000 0.000
621 51_621 (6) 14 :  0.000 0.000 0.994 0.000 0.006
622 52_622 (13) 14 :  0.000 0.000 0.993 0.001 0.006
623 53_623 (6) 14 :  0.000 0.000 0.971 0.000 0.029
624 54_624 (13) 14 :  0.000 0.000 0.987 0.009 0.004
625 55_625 (13) 14 :  0.000 0.000 0.930 0.000 0.070
626 56_626 (13) 14 :  0.000 0.000 1.000 0.000 0.000
627 58_627 (13) 14 :  0.000 0.000 0.999 0.000 0.001
628 59_628 (13) 14 :  0.000 0.000 0.184 0.087 0.729
629 60_629 (13) 14 :  0.005 0.000 0.850 0.063 0.082
630 61_630 (13) 14 :  0.000 0.000 0.205 0.003 0.792
631 62_631 (6) 14 :  0.000 0.000 0.983 0.000 0.017
632 63_632 (26) 14 :  0.000 0.002 0.594 0.016 0.388
633 64_633 (13) 14 :  0.000 0.000 0.980 0.001 0.019
634 1_634 (13) 15 :  0.000 0.000 0.231 0.000 0.769
635 3_635 (6) 15 :  0.000 0.000 0.953 0.000 0.047
636 4_636 (0) 15 :  0.000 0.000 0.995 0.000 0.004
637 5_637 (0) 15 :  0.000 0.000 0.705 0.012 0.283
638 6_638 (6) 15 :  0.000 0.000 0.995 0.000 0.005
639 8_639 (6) 15 :  0.000 0.000 0.997 0.000 0.003
640 10_640 (6) 15 :  0.000 0.000 0.999 0.000 0.001
641 11_641 (13) 15 :  0.000 0.000 0.915 0.000 0.085
642 12_642 (13) 15 :  0.000 0.000 0.994 0.000 0.006
643 13_643 (6) 15 :  0.000 0.007 0.228 0.464 0.301
644 16_644 (6) 15 :  0.000 0.000 0.998 0.000 0.002
645 18_645 (0) 15 :  0.000 0.001 0.767 0.008 0.225
646 19_646 (0) 15 :  0.000 0.000 0.887 0.009 0.104
647 20_647 (0) 15 :  0.000 0.000 0.684 0.002 0.315
648 21_648 (20) 15 :  0.004 0.001 0.453 0.010 0.532
649 22_649 (0) 15 :  0.000 0.000 0.999 0.000 0.001
650 23_650 (13) 15 :  0.000 0.000 0.966 0.000 0.034
651 24_651 (0) 15 :  0.000 0.000 0.984 0.000 0.016
652 25_652 (6) 15 :  0.000 0.000 0.869 0.000 0.131
653 26_653 (6) 15 :  0.000 0.000 0.951 0.034 0.014
654 27_654 (6) 15 :  0.000 0.000 0.651 0.046 0.303
655 28_655 (0) 15 :  0.000 0.000 0.692 0.001 0.307
656 30_656 (6) 15 :  0.000 0.000 0.963 0.000 0.037
657 32_657 (0) 15 :  0.000 0.000 0.753 0.000 0.247
658 34_658 (20) 15 :  0.000 0.000 0.988 0.000 0.012
659 36_659 (13) 15 :  0.000 0.000 0.597 0.035 0.368
660 38_660 (0) 15 :  0.000 0.000 0.932 0.000 0.067
661 39_661 (0) 15 :  0.000 0.001 0.005 0.012 0.983
662 41_662 (0) 15 :  0.000 0.000 0.998 0.000 0.002
663 42_663 (13) 15 :  0.007 0.029 0.942 0.006 0.017
664 43_664 (0) 15 :  0.000 0.004 0.803 0.073 0.121
665 44_665 (13) 15 :  0.000 0.000 0.363 0.001 0.636
666 45_666 (0) 15 :  0.001 0.002 0.961 0.005 0.032
667 46_667 (0) 15 :  0.000 0.000 0.998 0.000 0.002
668 47_668 (6) 15 :  0.038 0.003 0.230 0.004 0.724
669 49_669 (6) 15 :  0.000 0.000 0.942 0.000 0.058
670 50_670 (0) 15 :  0.000 0.000 0.981 0.001 0.017
671 51_671 (0) 15 :  0.000 0.000 0.738 0.002 0.261
672 52_672 (0) 15 :  0.000 0.000 0.948 0.000 0.052
673 54_673 (0) 15 :  0.000 0.000 0.437 0.000 0.563
674 55_674 (6) 15 :  0.000 0.000 0.899 0.002 0.099
675 56_675 (26) 15 :  0.205 0.017 0.331 0.008 0.439
676 1_676 (6) 16 :  0.000 0.000 0.997 0.000 0.003
677 3_677 (0) 16 :  0.000 0.000 0.986 0.000 0.014
678 4_678 (0) 16 :  0.000 0.000 0.500 0.022 0.478
679 5_679 (0) 16 :  0.000 0.000 0.993 0.000 0.006
680 7_680 (0) 16 :  0.000 0.000 0.998 0.000 0.002
681 8_681 (6) 16 :  0.000 0.000 0.760 0.002 0.238
682 10_682 (0) 16 :  0.000 0.000 0.997 0.002 0.001
683 11_683 (0) 16 :  0.005 0.013 0.755 0.000 0.227
684 12_684 (0) 16 :  0.003 0.001 0.792 0.115 0.089
685 16_685 (0) 16 :  0.000 0.000 0.787 0.002 0.211
686 17_686 (0) 16 :  0.000 0.000 1.000 0.000 0.000
687 18_687 (0) 16 :  0.000 0.000 0.996 0.002 0.002
688 19_688 (6) 16 :  0.000 0.000 0.986 0.000 0.013
689 22_689 (13) 16 :  0.000 0.000 0.943 0.002 0.055
690 24_690 (0) 16 :  0.000 0.000 0.999 0.000 0.001
691 25_691 (6) 16 :  0.000 0.000 0.992 0.000 0.008
692 26_692 (0) 16 :  0.000 0.000 0.760 0.000 0.240
693 29_693 (0) 16 :  0.000 0.000 0.999 0.000 0.001
694 31_694 (0) 16 :  0.000 0.000 0.989 0.000 0.011
695 32_695 (0) 16 :  0.000 0.000 0.573 0.387 0.040
696 35_696 (0) 16 :  0.000 0.000 0.998 0.000 0.002
697 36_697 (0) 16 :  0.000 0.001 0.118 0.631 0.250
698 37_698 (0) 16 :  0.000 0.000 0.987 0.000 0.013
699 38_699 (0) 16 :  0.000 0.000 0.482 0.384 0.133
700 40_700 (0) 16 :  0.000 0.000 0.994 0.001 0.006
701 43_701 (0) 16 :  0.000 0.000 0.987 0.003 0.010
702 44_702 (0) 16 :  0.000 0.000 0.989 0.001 0.010
703 46_703 (0) 16 :  0.000 0.000 0.962 0.000 0.038
704 49_704 (6) 16 :  0.000 0.000 0.860 0.021 0.119
705 51_705 (0) 16 :  0.000 0.000 0.949 0.000 0.051
706 52_706 (0) 16 :  0.000 0.000 0.366 0.046 0.588
707 53_707 (6) 16 :  0.000 0.012 0.021 0.019 0.947
708 54_708 (20) 16 :  0.000 0.000 0.830 0.001 0.169
709 55_709 (20) 16 :  0.029 0.889 0.069 0.001 0.013
710 56_710 (6) 16 :  0.000 0.000 0.998 0.000 0.002
711 58_711 (6) 16 :  0.000 0.003 0.641 0.001 0.354
712 59_712 (6) 16 :  0.000 0.000 1.000 0.000 0.000
713 60_713 (13) 16 :  0.000 0.000 0.997 0.000 0.003
714 61_714 (0) 16 :  0.000 0.000 0.996 0.000 0.003
715 62_715 (0) 16 :  0.000 0.000 0.763 0.000 0.237
716 63_716 (0) 16 :  0.000 0.000 0.842 0.000 0.158
717 64_717 (20) 16 :  0.000 0.000 0.984 0.000 0.016
718 1_718 (20) 17 :  0.002 0.001 0.940 0.000 0.057
719 3_719 (0) 17 :  0.000 0.000 0.991 0.000 0.009
720 5_720 (0) 17 :  0.000 0.000 0.740 0.000 0.260
721 9_721 (20) 17 :  0.137 0.090 0.585 0.163 0.025
722 11_722 (6) 17 :  0.000 0.000 0.641 0.004 0.356
723 16_723 (6) 17 :  0.000 0.000 0.999 0.000 0.001
724 17_724 (20) 17 :  0.000 0.000 0.737 0.000 0.263
725 18_725 (26) 17 :  0.000 0.000 0.540 0.057 0.403
726 19_726 (0) 17 :  0.000 0.000 0.919 0.000 0.081
727 20_727 (0) 17 :  0.000 0.000 0.981 0.000 0.019
728 21_728 (6) 17 :  0.000 0.000 0.867 0.002 0.131
729 22_729 (0) 17 :  0.000 0.000 0.994 0.000 0.006
730 23_730 (0) 17 :  0.000 0.000 0.792 0.005 0.203
731 25_731 (13) 17 :  0.000 0.000 0.921 0.000 0.079
732 26_732 (26) 17 :  0.000 0.000 0.735 0.000 0.265
733 27_733 (6) 17 :  0.000 0.000 0.692 0.000 0.308
734 30_734 (0) 17 :  0.000 0.001 0.988 0.001 0.010
735 31_735 (0) 17 :  0.000 0.000 0.987 0.009 0.004
736 32_736 (6) 17 :  0.000 0.000 0.737 0.000 0.263
737 33_737 (13) 17 :  0.000 0.000 0.993 0.000 0.007
738 34_738 (0) 17 :  0.000 0.000 0.701 0.000 0.299
739 35_739 (0) 17 :  0.000 0.000 0.963 0.000 0.037
740 36_740 (6) 17 :  0.004 0.021 0.692 0.030 0.254
741 42_741 (0) 17 :  0.000 0.000 0.991 0.000 0.009
742 46_742 (0) 17 :  0.000 0.000 0.989 0.000 0.011
743 1_743 (0) 18 :  0.000 0.000 0.000 0.076 0.923
744 2_744 (0) 18 :  0.000 0.036 0.215 0.001 0.748
745 4_745 (6) 18 :  0.000 0.000 0.276 0.007 0.717
746 5_746 (13) 18 :  0.000 0.000 0.186 0.005 0.809
747 6_747 (0) 18 :  0.000 0.000 0.010 0.001 0.989
748 7_748 (6) 18 :  0.002 0.011 0.011 0.000 0.975
749 8_749 (13) 18 :  0.000 0.000 0.414 0.000 0.585
750 12_750 (0) 18 :  0.000 0.003 0.000 0.010 0.987
751 13_751 (0) 18 :  0.000 0.000 0.018 0.001 0.981
752 14_752 (0) 18 :  0.000 0.003 0.785 0.000 0.211
753 15_753 (40) 18 :  0.004 0.001 0.000 0.987 0.009
754 16_754 (0) 18 :  0.000 0.000 0.000 0.000 1.000
755 17_755 (0) 18 :  0.000 0.000 0.000 0.002 0.997
756 20_756 (0) 18 :  0.000 0.000 0.739 0.000 0.261
757 21_757 (0) 18 :  0.000 0.000 0.096 0.001 0.903
758 22_758 (0) 18 :  0.000 0.000 0.114 0.012 0.874
759 23_759 (6) 18 :  0.000 0.000 0.061 0.000 0.939
760 24_760 (6) 18 :  0.001 0.000 0.001 0.764 0.235
761 27_761 (0) 18 :  0.000 0.000 0.743 0.000 0.257
762 32_762 (0) 18 :  0.000 0.000 0.221 0.002 0.777
763 35_763 (0) 18 :  0.000 0.000 0.012 0.000 0.988
764 37_764 (0) 18 :  0.000 0.000 0.379 0.000 0.620
765 38_765 (0) 18 :  0.000 0.000 0.007 0.000 0.993
766 40_766 (0) 18 :  0.000 0.000 0.001 0.000 0.999
767 42_767 (0) 18 :  0.000 0.000 0.180 0.000 0.820
768 46_768 (0) 18 :  0.000 0.000 0.020 0.007 0.973
769 47_769 (0) 18 :  0.000 0.000 0.003 0.000 0.997
770 48_770 (0) 18 :  0.000 0.012 0.133 0.000 0.855
771 49_771 (6) 18 :  0.000 0.000 0.019 0.048 0.933
772 50_772 (20) 18 :  0.000 0.011 0.000 0.031 0.958
773 51_773 (46) 18 :  0.000 0.000 0.710 0.002 0.288
774 53_774 (46) 18 :  0.008 0.006 0.870 0.010 0.106
775 54_775 (33) 18 :  0.001 0.002 0.261 0.630 0.105
776 55_776 (46) 18 :  0.000 0.001 0.216 0.017 0.767
777 57_777 (6) 18 :  0.000 0.000 0.002 0.000 0.998
778 58_778 (0) 18 :  0.000 0.000 0.003 0.109 0.887
779 60_779 (13) 18 :  0.001 0.002 0.460 0.273 0.263
780 64_780 (0) 18 :  0.000 0.000 0.229 0.009 0.762
781 1_781 (26) 19 :  0.004 0.031 0.000 0.382 0.582
782 3_782 (6) 19 :  0.040 0.002 0.335 0.002 0.620
783 4_783 (6) 19 :  0.414 0.019 0.002 0.408 0.157
784 8_784 (6) 19 :  0.000 0.000 0.293 0.004 0.703
785 9_785 (46) 19 :  0.001 0.001 0.000 0.000 0.998
786 11_786 (6) 19 :  0.006 0.301 0.050 0.354 0.289
787 12_787 (6) 19 :  0.012 0.008 0.020 0.010 0.950
788 20_788 (6) 19 :  0.001 0.001 0.819 0.000 0.180
789 21_789 (26) 19 :  0.019 0.022 0.016 0.112 0.831
790 22_790 (20) 19 :  0.009 0.003 0.002 0.000 0.986
791 25_791 (6) 19 :  0.014 0.001 0.176 0.001 0.808
792 26_792 (13) 19 :  0.311 0.353 0.029 0.274 0.033
793 27_793 (6) 19 :  0.592 0.133 0.022 0.248 0.006
794 31_794 (13) 19 :  0.000 0.001 0.000 0.003 0.996
795 37_795 (6) 19 :  0.001 0.154 0.000 0.001 0.844
