1 4_1 (0) 1 :  0.000 0.000 0.000 0.999 0.000 0.001
2 6_2 (0) 1 :  0.000 0.000 0.000 0.997 0.000 0.003
3 10_3 (0) 1 :  0.000 0.000 0.000 0.996 0.000 0.004
4 11_4 (0) 1 :  0.000 0.000 0.000 1.000 0.000 0.000
5 12_5 (0) 1 :  0.000 0.000 0.000 1.000 0.000 0.000
6 13_6 (0) 1 :  0.000 0.000 0.000 0.999 0.000 0.000
7 18_7 (6) 1 :  0.000 0.004 0.000 0.848 0.002 0.145
8 19_8 (0) 1 :  0.000 0.039 0.000 0.861 0.000 0.100
9 20_9 (0) 1 :  0.000 0.000 0.000 1.000 0.000 0.000
10 21_10 (0) 1 :  0.000 0.000 0.000 1.000 0.000 0.000
11 22_11 (6) 1 :  0.000 0.000 0.000 1.000 0.000 0.000
12 24_12 (20) 1 :  0.000 0.000 0.000 0.999 0.001 0.000
13 26_13 (0) 1 :  0.000 0.000 0.000 0.998 0.002 0.000
14 31_14 (0) 1 :  0.000 0.000 0.000 1.000 0.000 0.000
15 33_15 (6) 1 :  0.000 0.008 0.000 0.889 0.000 0.103
16 34_16 (6) 1 :  0.000 0.000 0.000 1.000 0.000 0.000
17 37_17 (0) 1 :  0.000 0.000 0.000 0.999 0.000 0.001
18 38_18 (0) 1 :  0.000 0.000 0.000 1.000 0.000 0.000
19 39_19 (0) 1 :  0.000 0.000 0.000 1.000 0.000 0.000
20 46_20 (0) 1 :  0.000 0.000 0.000 1.000 0.000 0.000
21 48_21 (6) 1 :  0.000 0.000 0.000 1.000 0.000 0.000
22 1_22 (13) 2 :  0.000 0.000 0.000 0.175 0.000 0.825
23 2_23 (6) 2 :  0.000 0.000 0.000 0.987 0.000 0.013
24 3_24 (0) 2 :  0.000 0.222 0.000 0.754 0.000 0.024
25 4_25 (0) 2 :  0.000 0.000 0.000 0.991 0.000 0.009
26 6_26 (0) 2 :  0.000 0.176 0.000 0.824 0.000 0.000
27 7_27 (6) 2 :  0.070 0.212 0.000 0.698 0.007 0.012
28 8_28 (26) 2 :  0.000 0.009 0.000 0.990 0.000 0.001
29 9_29 (26) 2 :  0.000 0.006 0.000 0.994 0.000 0.000
30 10_30 (0) 2 :  0.001 0.290 0.000 0.656 0.000 0.052
31 11_31 (26) 2 :  0.001 0.021 0.000 0.964 0.014 0.000
32 12_32 (0) 2 :  0.000 0.005 0.000 0.995 0.000 0.000
33 13_33 (0) 2 :  0.000 0.000 0.000 1.000 0.000 0.000
34 14_34 (13) 2 :  0.000 0.075 0.001 0.917 0.000 0.007
35 16_35 (13) 2 :  0.000 0.000 0.000 1.000 0.000 0.000
36 17_36 (6) 2 :  0.004 0.360 0.000 0.630 0.002 0.004
37 18_37 (13) 2 :  0.001 0.083 0.000 0.882 0.000 0.034
38 19_38 (13) 2 :  0.000 0.002 0.000 0.992 0.000 0.006
39 21_39 (6) 2 :  0.001 0.038 0.000 0.000 0.014 0.947
40 22_40 (0) 2 :  0.000 0.099 0.000 0.781 0.000 0.120
41 24_41 (0) 2 :  0.000 0.123 0.000 0.028 0.000 0.849
42 25_42 (6) 2 :  0.000 0.000 0.000 1.000 0.000 0.000
43 26_43 (20) 2 :  0.000 0.036 0.000 0.652 0.004 0.308
44 27_44 (0) 2 :  0.000 0.000 0.000 0.999 0.000 0.000
45 28_45 (0) 2 :  0.000 0.000 0.000 0.999 0.000 0.001
46 30_46 (0) 2 :  0.000 0.001 0.000 0.999 0.000 0.000
47 31_47 (0) 2 :  0.000 0.001 0.000 0.990 0.000 0.009
48 32_48 (13) 2 :  0.003 0.968 0.001 0.024 0.000 0.004
49 33_49 (0) 2 :  0.000 0.004 0.000 0.989 0.000 0.007
50 36_50 (6) 2 :  0.000 0.002 0.000 0.934 0.000 0.064
51 37_51 (0) 2 :  0.000 0.978 0.000 0.021 0.000 0.001
52 38_52 (0) 2 :  0.001 0.009 0.000 0.984 0.000 0.007
53 39_53 (13) 2 :  0.000 0.064 0.000 0.935 0.000 0.001
54 41_54 (0) 2 :  0.000 0.000 0.000 1.000 0.000 0.000
55 45_55 (0) 2 :  0.000 0.009 0.000 0.077 0.001 0.913
56 46_56 (0) 2 :  0.000 0.000 0.000 0.999 0.000 0.001
57 47_57 (6) 2 :  0.000 0.052 0.000 0.909 0.000 0.039
58 1_58 (6) 3 :  0.000 0.000 0.000 0.903 0.000 0.097
59 2_59 (13) 3 :  0.146 0.001 0.001 0.338 0.499 0.016
60 3_60 (13) 3 :  0.000 0.095 0.000 0.096 0.000 0.809
61 5_61 (6) 3 :  0.000 0.000 0.000 0.996 0.000 0.004
62 7_62 (13) 3 :  0.000 0.000 0.000 0.987 0.000 0.013
63 9_63 (13) 3 :  0.000 0.081 0.000 0.915 0.004 0.000
64 10_64 (13) 3 :  0.000 0.000 0.000 1.000 0.000 0.000
65 11_65 (46) 3 :  0.001 0.015 0.001 0.492 0.000 0.492
66 14_66 (80) 3 :  0.002 0.147 0.000 0.796 0.023 0.033
67 15_67 (6) 3 :  0.000 0.003 0.000 0.954 0.000 0.043
68 16_68 (20) 3 :  0.000 0.053 0.000 0.907 0.000 0.040
69 17_69 (73) 3 :  0.015 0.863 0.063 0.033 0.009 0.018
70 18_70 (20) 3 :  0.000 0.003 0.000 0.991 0.000 0.006
71 20_71 (20) 3 :  0.000 0.112 0.000 0.179 0.006 0.703
72 21_72 (13) 3 :  0.000 0.000 0.000 0.109 0.000 0.891
73 22_73 (6) 3 :  0.000 0.000 0.000 0.999 0.001 0.000
74 23_74 (6) 3 :  0.000 0.000 0.000 1.000 0.000 0.000
75 24_75 (13) 3 :  0.000 0.000 0.000 1.000 0.000 0.000
76 25_76 (26) 3 :  0.000 0.194 0.000 0.226 0.002 0.577
77 26_77 (53) 3 :  0.000 0.920 0.000 0.000 0.080 0.000
78 27_78 (26) 3 :  0.000 0.004 0.000 0.989 0.000 0.006
79 28_79 (20) 3 :  0.000 0.572 0.001 0.396 0.012 0.019
80 29_80 (13) 3 :  0.000 0.001 0.000 0.901 0.000 0.099
81 30_81 (13) 3 :  0.000 0.000 0.000 1.000 0.000 0.000
82 31_82 (6) 3 :  0.000 0.000 0.000 1.000 0.000 0.000
83 32_83 (20) 3 :  0.000 0.000 0.000 1.000 0.000 0.000
84 33_84 (26) 3 :  0.000 0.039 0.000 0.953 0.008 0.000
85 34_85 (46) 3 :  0.007 0.264 0.001 0.701 0.007 0.019
86 36_86 (73) 3 :  0.571 0.014 0.076 0.335 0.002 0.002
87 38_87 (26) 3 :  0.000 0.000 0.000 0.999 0.000 0.000
88 39_88 (60) 3 :  0.000 0.936 0.000 0.013 0.050 0.001
89 40_89 (33) 3 :  0.000 0.001 0.000 0.084 0.000 0.915
90 41_90 (73) 3 :  0.000 0.004 0.000 0.740 0.001 0.255
91 42_91 (6) 3 :  0.003 0.001 0.000 0.993 0.001 0.001
92 43_92 (13) 3 :  0.000 0.002 0.000 0.993 0.000 0.005
93 44_93 (33) 3 :  0.001 0.616 0.117 0.079 0.034 0.152
94 46_94 (86) 3 :  0.034 0.009 0.914 0.014 0.016 0.013
95 47_95 (26) 3 :  0.695 0.015 0.031 0.009 0.243 0.007
96 48_96 (33) 3 :  0.000 0.001 0.000 0.943 0.000 0.056
97 50_97 (6) 3 :  0.000 0.015 0.000 0.984 0.000 0.001
98 52_98 (0) 3 :  0.000 0.000 0.000 0.999 0.000 0.001
99 54_99 (26) 3 :  0.012 0.010 0.018 0.689 0.259 0.013
100 55_100 (13) 3 :  0.000 0.000 0.000 0.990 0.000 0.010
101 56_101 (0) 3 :  0.000 0.000 0.000 0.999 0.000 0.001
102 57_102 (13) 3 :  0.000 0.001 0.000 0.085 0.000 0.913
103 58_103 (6) 3 :  0.000 0.000 0.000 0.999 0.001 0.000
104 59_104 (6) 3 :  0.000 0.000 0.000 0.951 0.000 0.049
105 60_105 (0) 3 :  0.000 0.002 0.000 0.917 0.000 0.081
106 63_106 (0) 3 :  0.000 0.000 0.000 0.938 0.000 0.062
107 64_107 (0) 3 :  0.000 0.000 0.000 0.073 0.000 0.927
108 65_108 (0) 3 :  0.000 0.000 0.000 1.000 0.000 0.000
109 66_109 (6) 3 :  0.000 0.000 0.000 0.096 0.000 0.904
110 67_110 (6) 3 :  0.000 0.001 0.000 0.995 0.000 0.004
111 69_111 (0) 3 :  0.000 0.014 0.000 0.794 0.000 0.192
112 73_112 (20) 3 :  0.008 0.027 0.000 0.727 0.000 0.239
113 76_113 (6) 3 :  0.000 0.001 0.000 0.996 0.000 0.003
114 78_114 (20) 3 :  0.000 0.000 0.000 0.971 0.000 0.028
115 80_115 (6) 3 :  0.000 0.000 0.000 1.000 0.000 0.000
116 81_116 (0) 3 :  0.000 0.000 0.000 1.000 0.000 0.000
117 82_117 (93) 3 :  0.134 0.110 0.117 0.136 0.245 0.259
118 83_118 (6) 3 :  0.000 0.000 0.000 1.000 0.000 0.000
119 84_119 (6) 3 :  0.000 0.000 0.000 0.998 0.000 0.002
120 85_120 (26) 3 :  0.000 0.000 0.000 0.941 0.000 0.059
121 86_121 (6) 3 :  0.000 0.033 0.000 0.911 0.029 0.027
122 87_122 (0) 3 :  0.000 0.121 0.000 0.694 0.099 0.087
123 88_123 (6) 3 :  0.953 0.033 0.000 0.005 0.008 0.000
124 1_124 (33) 4 :  0.000 0.014 0.043 0.005 0.001 0.937
125 3_125 (0) 4 :  0.985 0.003 0.009 0.000 0.002 0.000
126 5_126 (6) 4 :  0.000 0.008 0.000 0.274 0.001 0.717
127 8_127 (13) 4 :  0.016 0.979 0.000 0.000 0.004 0.001
128 9_128 (13) 4 :  0.000 0.001 0.000 0.965 0.000 0.034
129 10_129 (13) 4 :  0.002 0.823 0.048 0.004 0.123 0.000
130 11_130 (6) 4 :  0.000 0.000 0.000 1.000 0.000 0.000
131 12_131 (0) 4 :  0.000 0.094 0.064 0.000 0.000 0.841
132 13_132 (6) 4 :  0.000 0.001 0.000 0.916 0.000 0.084
133 15_133 (13) 4 :  0.000 0.114 0.000 0.521 0.000 0.364
134 16_134 (6) 4 :  0.000 0.000 0.000 0.999 0.000 0.000
135 18_135 (0) 4 :  0.000 0.000 0.000 0.993 0.000 0.007
136 19_136 (6) 4 :  0.001 0.012 0.001 0.002 0.743 0.242
137 20_137 (0) 4 :  0.000 0.000 0.000 0.106 0.000 0.894
138 21_138 (0) 4 :  0.000 0.003 0.000 0.996 0.000 0.000
139 22_139 (0) 4 :  0.000 0.000 0.000 0.997 0.000 0.003
140 23_140 (0) 4 :  0.000 0.000 0.000 1.000 0.000 0.000
141 24_141 (6) 4 :  0.002 0.001 0.003 0.000 0.004 0.990
142 25_142 (6) 4 :  0.000 0.000 0.000 0.708 0.000 0.292
143 26_143 (0) 4 :  0.000 0.017 0.000 0.982 0.001 0.000
144 27_144 (0) 4 :  0.000 0.002 0.000 0.855 0.000 0.144
145 28_145 (0) 4 :  0.001 0.728 0.000 0.015 0.000 0.256
146 29_146 (0) 4 :  0.629 0.033 0.331 0.002 0.000 0.005
147 30_147 (0) 4 :  0.000 0.003 0.000 0.086 0.000 0.911
148 31_148 (0) 4 :  0.000 0.000 0.000 0.994 0.000 0.005
149 32_149 (0) 4 :  0.000 0.012 0.002 0.960 0.000 0.026
150 33_150 (0) 4 :  0.000 0.996 0.000 0.000 0.000 0.004
151 34_151 (6) 4 :  0.000 0.002 0.000 0.101 0.000 0.897
152 35_152 (6) 4 :  0.136 0.000 0.863 0.000 0.000 0.000
153 36_153 (0) 4 :  0.905 0.035 0.014 0.012 0.033 0.001
154 37_154 (0) 4 :  0.000 0.000 0.000 0.996 0.000 0.003
155 38_155 (6) 4 :  0.000 0.000 0.000 1.000 0.000 0.000
156 39_156 (0) 4 :  0.000 0.001 0.000 0.998 0.000 0.000
157 41_157 (6) 4 :  0.000 0.016 0.000 0.753 0.000 0.231
158 42_158 (0) 4 :  0.000 0.021 0.949 0.024 0.000 0.006
159 44_159 (6) 4 :  0.000 0.003 0.000 0.996 0.000 0.001
160 46_160 (6) 4 :  0.000 0.000 0.000 0.005 0.000 0.994
161 47_161 (0) 4 :  0.000 0.035 0.000 0.948 0.000 0.016
162 50_162 (6) 4 :  0.000 0.001 0.000 0.998 0.001 0.000
163 51_163 (0) 4 :  0.000 0.000 0.000 0.997 0.000 0.003
164 53_164 (0) 4 :  0.000 0.000 0.027 0.026 0.944 0.003
165 54_165 (0) 4 :  0.000 0.000 0.000 0.999 0.000 0.001
166 55_166 (6) 4 :  0.000 0.000 0.000 0.999 0.000 0.000
167 56_167 (0) 4 :  0.003 0.042 0.168 0.769 0.002 0.016
168 57_168 (0) 4 :  0.000 0.000 0.000 1.000 0.000 0.000
169 58_169 (0) 4 :  0.000 0.000 0.000 0.998 0.000 0.002
170 59_170 (0) 4 :  0.000 0.002 0.000 0.996 0.000 0.002
171 60_171 (0) 4 :  0.000 0.000 0.000 0.997 0.000 0.003
172 61_172 (0) 4 :  0.000 0.004 0.000 0.996 0.000 0.000
173 62_173 (0) 4 :  0.000 0.096 0.000 0.087 0.000 0.817
174 63_174 (0) 4 :  0.000 0.965 0.022 0.000 0.000 0.013
175 64_175 (0) 4 :  0.000 0.000 0.000 1.000 0.000 0.000
176 1_176 (0) 5 :  0.000 0.000 0.000 1.000 0.000 0.000
177 2_177 (0) 5 :  0.006 0.167 0.000 0.812 0.013 0.003
178 4_178 (6) 5 :  0.000 0.230 0.000 0.760 0.006 0.004
179 5_179 (13) 5 :  0.000 0.001 0.000 0.901 0.000 0.099
180 8_180 (0) 5 :  0.000 0.010 0.000 0.989 0.000 0.000
181 9_181 (0) 5 :  0.004 0.002 0.004 0.016 0.018 0.955
182 11_182 (0) 5 :  0.000 0.017 0.003 0.945 0.024 0.011
183 13_183 (0) 5 :  0.000 0.001 0.000 0.998 0.000 0.001
184 15_184 (0) 5 :  0.000 0.016 0.000 0.956 0.000 0.028
185 17_185 (0) 5 :  0.000 0.000 0.000 0.401 0.000 0.599
186 18_186 (0) 5 :  0.000 0.000 0.000 1.000 0.000 0.000
187 19_187 (0) 5 :  0.000 0.000 0.000 1.000 0.000 0.000
188 20_188 (0) 5 :  0.001 0.051 0.776 0.006 0.166 0.000
189 21_189 (0) 5 :  0.019 0.001 0.927 0.002 0.049 0.002
190 22_190 (6) 5 :  0.000 0.001 0.999 0.000 0.001 0.000
191 23_191 (0) 5 :  0.000 0.003 0.000 0.101 0.000 0.896
192 25_192 (0) 5 :  0.001 0.027 0.000 0.012 0.768 0.192
193 26_193 (0) 5 :  0.000 0.000 0.000 0.998 0.000 0.001
194 29_194 (13) 5 :  0.000 0.000 0.000 0.887 0.000 0.113
195 30_195 (0) 5 :  0.000 0.991 0.000 0.001 0.000 0.009
196 31_196 (0) 5 :  0.000 0.001 0.000 0.890 0.000 0.108
197 32_197 (0) 5 :  0.000 0.892 0.000 0.018 0.000 0.089
198 33_198 (6) 5 :  0.000 0.000 0.000 0.953 0.000 0.047
199 34_199 (0) 5 :  0.000 0.992 0.000 0.007 0.000 0.000
200 35_200 (0) 5 :  0.000 0.000 0.000 1.000 0.000 0.000
201 36_201 (0) 5 :  0.000 0.000 0.000 0.999 0.000 0.000
202 38_202 (0) 5 :  0.000 0.000 0.000 0.107 0.000 0.893
203 39_203 (13) 5 :  0.000 0.032 0.003 0.921 0.000 0.044
204 40_204 (0) 5 :  0.000 0.897 0.000 0.098 0.000 0.005
205 41_205 (6) 5 :  0.056 0.010 0.164 0.108 0.006 0.656
206 42_206 (0) 5 :  0.000 0.181 0.000 0.806 0.000 0.013
207 43_207 (6) 5 :  0.000 0.004 0.000 0.996 0.000 0.000
208 44_208 (6) 5 :  0.000 0.069 0.058 0.850 0.001 0.022
209 46_209 (0) 5 :  0.000 0.056 0.000 0.092 0.000 0.852
210 47_210 (0) 5 :  0.000 0.000 0.000 0.996 0.000 0.004
211 49_211 (6) 5 :  0.000 0.001 0.000 0.999 0.000 0.000
212 50_212 (6) 5 :  0.000 0.028 0.000 0.060 0.000 0.911
213 51_213 (6) 5 :  0.000 0.004 0.012 0.981 0.000 0.003
214 53_214 (0) 5 :  0.000 0.001 0.999 0.000 0.000 0.000
215 54_215 (0) 5 :  0.000 0.000 0.000 0.999 0.000 0.001
216 55_216 (0) 5 :  0.000 0.847 0.000 0.135 0.001 0.017
217 56_217 (0) 5 :  0.000 0.001 0.000 0.065 0.000 0.934
218 57_218 (6) 5 :  0.000 0.001 0.000 0.999 0.000 0.000
219 58_219 (0) 5 :  0.000 0.000 0.000 1.000 0.000 0.000
220 59_220 (6) 5 :  0.000 0.002 0.000 0.962 0.000 0.035
221 60_221 (0) 5 :  0.003 0.820 0.097 0.003 0.000 0.077
222 61_222 (0) 5 :  0.000 0.000 0.997 0.003 0.000 0.000
223 62_223 (6) 5 :  0.000 0.075 0.000 0.050 0.007 0.867
224 63_224 (6) 5 :  0.000 0.000 0.000 0.999 0.000 0.001
225 65_225 (0) 5 :  0.001 0.000 0.991 0.001 0.001 0.006
226 66_226 (0) 5 :  0.000 0.000 0.000 0.965 0.000 0.035
227 67_227 (13) 5 :  0.000 0.723 0.000 0.112 0.010 0.155
228 68_228 (0) 5 :  0.000 0.188 0.001 0.689 0.000 0.122
229 71_229 (13) 5 :  0.000 0.000 0.000 0.987 0.000 0.013
230 72_230 (0) 5 :  0.000 0.000 0.000 0.999 0.000 0.001
231 73_231 (6) 5 :  0.000 0.046 0.000 0.949 0.002 0.004
232 74_232 (13) 5 :  0.729 0.196 0.002 0.004 0.065 0.004
233 75_233 (0) 5 :  0.010 0.027 0.935 0.005 0.000 0.023
234 76_234 (6) 5 :  0.000 0.001 0.004 0.001 0.000 0.994
235 77_235 (0) 5 :  0.000 0.041 0.000 0.851 0.000 0.107
236 79_236 (0) 5 :  0.000 0.009 0.974 0.017 0.000 0.000
237 80_237 (0) 5 :  0.000 0.005 0.000 0.994 0.000 0.000
238 81_238 (13) 5 :  0.000 0.001 0.000 0.959 0.000 0.041
239 82_239 (0) 5 :  0.005 0.102 0.010 0.008 0.740 0.135
240 83_240 (13) 5 :  0.000 0.009 0.000 0.991 0.000 0.000
241 86_241 (0) 5 :  0.000 0.001 0.000 0.999 0.000 0.000
242 87_242 (20) 5 :  0.000 0.000 0.000 0.996 0.000 0.004
243 88_243 (13) 5 :  0.000 0.015 0.000 0.959 0.000 0.026
244 89_244 (13) 5 :  0.000 0.000 0.000 1.000 0.000 0.000
245 90_245 (20) 5 :  0.000 0.018 0.000 0.969 0.000 0.013
246 92_246 (0) 5 :  0.000 0.002 0.000 0.998 0.000 0.000
247 1_247 (20) 6 :  0.000 0.001 0.000 0.035 0.007 0.957
248 2_248 (13) 6 :  0.000 0.004 0.000 0.993 0.000 0.003
249 3_249 (20) 6 :  0.001 0.731 0.007 0.002 0.255 0.003
250 4_250 (0) 6 :  0.000 0.000 0.000 1.000 0.000 0.000
251 5_251 (20) 6 :  0.000 0.000 0.000 0.032 0.000 0.968
252 6_252 (6) 6 :  0.000 0.001 0.000 0.172 0.000 0.827
253 7_253 (26) 6 :  0.000 0.018 0.000 0.974 0.000 0.008
254 9_254 (0) 6 :  0.000 0.000 0.000 1.000 0.000 0.000
255 10_255 (0) 6 :  0.000 0.000 0.000 1.000 0.000 0.000
256 11_256 (6) 6 :  0.000 0.000 0.000 1.000 0.000 0.000
257 12_257 (13) 6 :  0.000 0.000 0.000 0.916 0.000 0.084
258 13_258 (6) 6 :  0.000 0.069 0.000 0.928 0.000 0.003
259 14_259 (0) 6 :  0.000 0.003 0.000 0.833 0.000 0.164
260 16_260 (13) 6 :  0.000 0.002 0.000 0.998 0.000 0.000
261 17_261 (20) 6 :  0.000 0.001 0.000 0.996 0.000 0.003
262 18_262 (20) 6 :  0.000 0.000 0.000 0.130 0.000 0.870
263 19_263 (20) 6 :  0.000 0.001 0.000 0.996 0.000 0.003
264 20_264 (33) 6 :  0.000 0.000 0.000 0.981 0.000 0.019
265 21_265 (20) 6 :  0.000 0.000 0.000 0.994 0.000 0.005
266 22_266 (20) 6 :  0.000 0.113 0.000 0.834 0.001 0.052
267 23_267 (40) 6 :  0.000 0.000 0.000 1.000 0.000 0.000
268 24_268 (33) 6 :  0.003 0.072 0.000 0.910 0.000 0.014
269 25_269 (13) 6 :  0.000 0.027 0.000 0.948 0.000 0.025
270 26_270 (13) 6 :  0.000 0.000 0.000 0.107 0.000 0.893
271 27_271 (26) 6 :  0.000 0.000 0.000 0.987 0.000 0.013
272 28_272 (13) 6 :  0.000 0.000 0.000 0.999 0.000 0.001
273 29_273 (6) 6 :  0.000 0.000 0.000 0.688 0.000 0.312
274 30_274 (13) 6 :  0.000 0.027 0.000 0.957 0.000 0.015
275 31_275 (13) 6 :  0.000 0.000 0.000 0.997 0.000 0.003
276 32_276 (13) 6 :  0.000 0.015 0.000 0.260 0.000 0.725
277 33_277 (20) 6 :  0.060 0.189 0.007 0.522 0.052 0.170
278 34_278 (0) 6 :  0.000 0.001 0.000 0.095 0.000 0.903
279 35_279 (6) 6 :  0.000 0.000 0.000 1.000 0.000 0.000
280 36_280 (6) 6 :  0.000 0.042 0.000 0.945 0.000 0.014
281 37_281 (6) 6 :  0.000 0.000 0.000 0.994 0.000 0.006
282 38_282 (6) 6 :  0.000 0.000 0.000 0.999 0.000 0.001
283 39_283 (0) 6 :  0.000 0.030 0.000 0.969 0.000 0.000
284 40_284 (13) 6 :  0.000 0.000 0.000 0.998 0.000 0.002
285 41_285 (0) 6 :  0.000 0.000 0.000 1.000 0.000 0.000
286 42_286 (40) 6 :  0.000 0.001 0.000 0.993 0.000 0.006
287 43_287 (6) 6 :  0.000 0.000 0.000 0.928 0.000 0.072
288 44_288 (33) 6 :  0.000 0.000 0.000 0.003 0.000 0.997
289 45_289 (6) 6 :  0.000 0.007 0.000 0.000 0.004 0.989
290 46_290 (20) 6 :  0.000 0.066 0.000 0.844 0.000 0.091
291 47_291 (13) 6 :  0.000 0.020 0.000 0.969 0.008 0.002
292 48_292 (40) 6 :  0.000 0.000 0.000 1.000 0.000 0.000
293 1_293 (20) 7 :  0.000 0.001 0.000 0.994 0.001 0.004
294 2_294 (6) 7 :  0.000 0.000 0.000 0.999 0.000 0.001
295 3_295 (6) 7 :  0.000 0.000 0.000 1.000 0.000 0.000
296 4_296 (6) 7 :  0.000 0.001 0.000 0.967 0.000 0.033
297 6_297 (0) 7 :  0.000 0.006 0.000 0.951 0.000 0.043
298 7_298 (6) 7 :  0.000 0.000 0.000 1.000 0.000 0.000
299 8_299 (20) 7 :  0.000 0.011 0.000 0.989 0.000 0.000
300 9_300 (26) 7 :  0.000 0.001 0.000 0.979 0.000 0.020
301 10_301 (13) 7 :  0.000 0.004 0.002 0.884 0.000 0.109
302 11_302 (0) 7 :  0.000 0.805 0.000 0.192 0.000 0.002
303 13_303 (6) 7 :  0.000 0.000 0.000 0.999 0.000 0.001
304 14_304 (6) 7 :  0.000 0.000 0.000 0.999 0.000 0.000
305 15_305 (6) 7 :  0.000 0.042 0.000 0.955 0.000 0.003
306 16_306 (6) 7 :  0.000 0.006 0.000 0.988 0.000 0.006
307 17_307 (6) 7 :  0.000 0.001 0.000 0.994 0.004 0.002
308 18_308 (13) 7 :  0.000 0.002 0.000 0.995 0.000 0.004
309 19_309 (0) 7 :  0.018 0.012 0.112 0.857 0.000 0.001
310 20_310 (6) 7 :  0.000 0.000 0.000 1.000 0.000 0.000
311 21_311 (0) 7 :  0.000 0.000 0.000 0.999 0.000 0.000
312 22_312 (6) 7 :  0.000 0.000 0.000 0.995 0.000 0.004
313 23_313 (13) 7 :  0.001 0.058 0.001 0.896 0.001 0.044
314 24_314 (6) 7 :  0.000 0.000 0.000 1.000 0.000 0.000
315 25_315 (13) 7 :  0.000 0.000 0.000 1.000 0.000 0.000
316 26_316 (0) 7 :  0.000 0.800 0.000 0.198 0.002 0.000
317 27_317 (0) 7 :  0.000 0.000 0.000 0.999 0.000 0.000
318 28_318 (0) 7 :  0.000 0.004 0.000 0.996 0.000 0.000
319 29_319 (0) 7 :  0.000 0.005 0.000 0.995 0.000 0.001
320 30_320 (0) 7 :  0.000 0.009 0.000 0.984 0.000 0.008
321 31_321 (6) 7 :  0.000 0.004 0.000 0.940 0.000 0.056
322 32_322 (0) 7 :  0.000 0.001 0.000 0.999 0.000 0.001
323 33_323 (6) 7 :  0.000 0.002 0.000 0.990 0.000 0.008
324 34_324 (0) 7 :  0.000 0.001 0.000 0.998 0.000 0.001
325 35_325 (0) 7 :  0.000 0.000 0.000 0.978 0.000 0.022
326 37_326 (6) 7 :  0.000 0.000 0.000 0.916 0.000 0.084
327 38_327 (6) 7 :  0.000 0.003 0.000 0.977 0.000 0.020
328 39_328 (0) 7 :  0.000 0.019 0.000 0.981 0.000 0.000
329 40_329 (26) 7 :  0.000 0.000 0.000 0.997 0.000 0.003
330 41_330 (0) 7 :  0.000 0.000 0.000 1.000 0.000 0.000
331 42_331 (0) 7 :  0.000 0.000 0.000 0.991 0.005 0.003
332 43_332 (0) 7 :  0.000 0.000 0.000 1.000 0.000 0.000
333 44_333 (0) 7 :  0.000 0.003 0.000 0.996 0.000 0.000
334 45_334 (0) 7 :  0.000 0.000 0.000 1.000 0.000 0.000
335 46_335 (6) 7 :  0.000 0.000 0.000 1.000 0.000 0.000
336 47_336 (6) 7 :  0.000 0.010 0.000 0.885 0.000 0.104
337 49_337 (6) 7 :  0.000 0.000 0.000 0.998 0.000 0.002
338 50_338 (13) 7 :  0.000 0.000 0.000 0.994 0.000 0.006
339 51_339 (20) 7 :  0.000 0.004 0.000 0.995 0.000 0.000
340 52_340 (6) 7 :  0.000 0.000 0.000 1.000 0.000 0.000
341 53_341 (0) 7 :  0.000 0.000 0.000 1.000 0.000 0.000
342 54_342 (0) 7 :  0.000 0.009 0.000 0.987 0.000 0.004
343 55_343 (6) 7 :  0.000 0.010 0.000 0.985 0.000 0.005
344 56_344 (0) 7 :  0.000 0.010 0.000 0.990 0.000 0.000
345 57_345 (33) 7 :  0.002 0.013 0.000 0.943 0.001 0.041
346 58_346 (0) 7 :  0.000 0.118 0.000 0.863 0.000 0.019
347 59_347 (0) 7 :  0.000 0.004 0.000 0.995 0.000 0.001
348 61_348 (0) 7 :  0.000 0.001 0.000 0.942 0.000 0.057
349 62_349 (0) 7 :  0.000 0.007 0.000 0.993 0.000 0.000
350 64_350 (6) 7 :  0.007 0.002 0.153 0.833 0.000 0.005
351 1_351 (6) 8 :  0.000 0.000 0.000 0.010 0.000 0.989
352 2_352 (0) 8 :  0.000 0.001 0.000 0.004 0.000 0.994
353 3_353 (0) 8 :  0.000 0.035 0.000 0.039 0.000 0.925
354 4_354 (13) 8 :  0.000 0.000 0.000 0.005 0.000 0.995
355 5_355 (0) 8 :  0.000 0.000 0.000 0.001 0.000 0.999
356 6_356 (6) 8 :  0.000 0.007 0.000 0.002 0.000 0.992
357 7_357 (0) 8 :  0.000 0.019 0.000 0.943 0.000 0.039
358 8_358 (13) 8 :  0.803 0.040 0.004 0.000 0.059 0.094
359 9_359 (6) 8 :  0.006 0.013 0.979 0.001 0.000 0.000
360 10_360 (0) 8 :  0.000 0.919 0.000 0.079 0.000 0.002
361 11_361 (6) 8 :  0.000 0.000 0.000 0.221 0.000 0.779
362 12_362 (0) 8 :  0.000 0.008 0.000 0.005 0.000 0.987
363 13_363 (0) 8 :  0.000 0.000 0.000 0.015 0.000 0.985
364 14_364 (0) 8 :  0.001 0.007 0.004 0.000 0.006 0.982
365 15_365 (0) 8 :  0.000 0.004 0.000 0.000 0.000 0.996
366 17_366 (33) 8 :  0.000 0.006 0.000 0.003 0.001 0.990
367 18_367 (0) 8 :  0.000 0.000 0.000 0.005 0.000 0.995
368 19_368 (0) 8 :  0.000 0.001 0.000 0.986 0.000 0.013
369 23_369 (0) 8 :  0.000 0.039 0.000 0.002 0.000 0.959
370 24_370 (0) 8 :  0.000 0.001 0.000 0.000 0.000 0.999
371 25_371 (0) 8 :  0.000 0.001 0.000 0.000 0.000 0.999
372 26_372 (6) 8 :  0.000 0.000 0.000 0.694 0.000 0.306
373 27_373 (6) 8 :  0.000 0.002 0.000 0.002 0.016 0.981
374 28_374 (0) 8 :  0.000 0.003 0.000 0.003 0.000 0.994
375 29_375 (0) 8 :  0.000 0.000 0.000 0.999 0.000 0.000
376 30_376 (6) 8 :  0.000 0.014 0.155 0.256 0.000 0.575
377 31_377 (0) 8 :  0.000 0.018 0.000 0.981 0.000 0.001
378 32_378 (0) 8 :  0.000 0.000 0.000 0.000 0.000 1.000
379 33_379 (6) 8 :  0.000 0.000 0.000 0.068 0.000 0.931
380 34_380 (13) 8 :  0.000 0.009 0.003 0.012 0.005 0.970
381 35_381 (0) 8 :  0.000 0.004 0.000 0.996 0.000 0.000
382 36_382 (0) 8 :  0.000 0.000 0.000 0.000 0.000 1.000
383 39_383 (0) 8 :  0.000 0.000 0.000 0.004 0.000 0.996
384 40_384 (0) 8 :  0.000 0.000 0.000 0.030 0.000 0.970
385 41_385 (0) 8 :  0.000 0.000 0.000 0.000 0.000 1.000
386 44_386 (53) 8 :  0.399 0.147 0.358 0.000 0.015 0.080
387 45_387 (20) 8 :  0.000 0.015 0.000 0.001 0.000 0.985
388 46_388 (40) 8 :  0.000 0.008 0.000 0.031 0.000 0.960
389 47_389 (6) 8 :  0.000 0.016 0.000 0.000 0.000 0.984
390 48_390 (13) 8 :  0.000 0.006 0.000 0.218 0.000 0.776
391 49_391 (13) 8 :  0.000 0.008 0.019 0.931 0.000 0.042
392 50_392 (6) 8 :  0.000 0.000 0.000 0.009 0.000 0.991
393 51_393 (13) 8 :  0.000 0.000 0.000 0.003 0.000 0.997
394 52_394 (0) 8 :  0.000 0.000 0.000 0.004 0.000 0.996
395 53_395 (20) 8 :  0.000 0.000 0.000 0.005 0.000 0.994
396 54_396 (20) 8 :  0.860 0.000 0.001 0.000 0.001 0.137
397 55_397 (46) 8 :  0.000 0.012 0.000 0.940 0.006 0.042
398 56_398 (13) 8 :  0.000 0.000 0.000 0.028 0.000 0.972
399 57_399 (6) 8 :  0.000 0.901 0.000 0.001 0.001 0.098
400 62_400 (26) 8 :  0.030 0.000 0.001 0.001 0.014 0.954
401 64_401 (33) 8 :  0.000 0.062 0.000 0.861 0.074 0.003
402 65_402 (0) 8 :  0.000 0.000 0.000 0.006 0.000 0.994
403 67_403 (0) 8 :  0.000 0.000 0.000 0.000 0.000 1.000
404 68_404 (0) 8 :  0.000 0.000 0.000 0.000 0.000 1.000
405 69_405 (0) 8 :  0.000 0.000 0.000 0.012 0.000 0.988
406 70_406 (0) 8 :  0.000 0.001 0.000 0.000 0.000 0.999
407 71_407 (6) 8 :  0.000 0.042 0.000 0.000 0.000 0.958
408 72_408 (0) 8 :  0.000 0.006 0.000 0.000 0.000 0.994
409 2_409 (6) 9 :  0.000 0.000 0.000 0.007 0.000 0.993
410 3_410 (33) 9 :  0.096 0.677 0.000 0.006 0.065 0.156
411 4_411 (6) 9 :  0.001 0.035 0.005 0.044 0.000 0.915
412 5_412 (6) 9 :  0.000 0.000 0.000 0.006 0.000 0.994
413 6_413 (6) 9 :  0.000 0.008 0.000 0.971 0.000 0.021
414 7_414 (53) 9 :  0.003 0.135 0.001 0.383 0.022 0.455
415 10_415 (6) 9 :  0.000 0.001 0.000 0.020 0.000 0.979
416 11_416 (6) 9 :  0.000 0.001 0.000 0.000 0.000 0.998
417 13_417 (6) 9 :  0.000 0.012 0.000 0.081 0.000 0.907
418 16_418 (6) 9 :  0.000 0.002 0.000 0.000 0.001 0.996
419 17_419 (6) 9 :  0.003 0.787 0.000 0.004 0.000 0.206
420 19_420 (46) 9 :  0.001 0.948 0.003 0.016 0.002 0.029
421 25_421 (6) 9 :  0.003 0.000 0.001 0.000 0.943 0.052
422 27_422 (6) 9 :  0.000 0.001 0.000 0.000 0.000 0.999
423 28_423 (0) 9 :  0.003 0.045 0.000 0.000 0.001 0.951
424 30_424 (0) 9 :  0.000 0.038 0.000 0.072 0.000 0.890
425 34_425 (0) 9 :  0.000 0.001 0.000 0.081 0.000 0.918
426 37_426 (13) 9 :  0.000 0.001 0.000 0.044 0.000 0.956
427 38_427 (6) 9 :  0.000 0.019 0.000 0.034 0.000 0.946
428 40_428 (46) 9 :  0.002 0.038 0.000 0.061 0.010 0.889
429 42_429 (20) 9 :  0.000 0.000 0.000 0.003 0.000 0.997
430 43_430 (6) 9 :  0.000 0.001 0.000 0.144 0.000 0.855
431 45_431 (6) 9 :  0.000 0.000 0.000 0.001 0.000 0.999
432 46_432 (20) 9 :  0.001 0.003 0.000 0.001 0.000 0.995
433 47_433 (6) 9 :  0.000 0.029 0.000 0.004 0.001 0.966
434 48_434 (26) 9 :  0.000 0.052 0.000 0.034 0.000 0.914
435 53_435 (6) 9 :  0.022 0.000 0.000 0.000 0.007 0.970
436 55_436 (6) 9 :  0.000 0.072 0.002 0.768 0.001 0.157
437 56_437 (20) 9 :  0.000 0.012 0.000 0.252 0.001 0.736
438 57_438 (13) 9 :  0.000 0.000 0.000 0.001 0.000 0.999
439 60_439 (0) 9 :  0.000 0.001 0.000 0.005 0.000 0.995
440 62_440 (26) 9 :  0.000 0.636 0.001 0.194 0.003 0.165
441 63_441 (13) 9 :  0.000 0.039 0.000 0.004 0.001 0.956
442 2_442 (6) 10 :  0.000 0.000 0.000 0.003 0.000 0.997
443 3_443 (6) 10 :  0.000 0.000 0.000 0.000 0.000 1.000
444 5_444 (0) 10 :  0.000 0.004 0.000 0.101 0.000 0.895
445 7_445 (6) 10 :  0.000 0.000 0.000 0.001 0.000 0.999
446 8_446 (33) 10 :  0.000 0.003 0.000 0.013 0.001 0.983
447 9_447 (0) 10 :  0.000 0.000 0.000 0.030 0.000 0.970
448 11_448 (6) 10 :  0.000 0.001 0.000 0.002 0.002 0.994
449 13_449 (20) 10 :  0.000 0.000 0.000 0.001 0.000 0.999
450 15_450 (6) 10 :  0.000 0.002 0.000 0.000 0.000 0.998
451 18_451 (6) 10 :  0.000 0.003 0.000 0.895 0.001 0.101
452 19_452 (0) 10 :  0.000 0.061 0.000 0.180 0.000 0.759
453 20_453 (6) 10 :  0.000 0.000 0.000 0.000 0.000 1.000
454 23_454 (6) 10 :  0.000 0.001 0.000 0.014 0.000 0.986
455 25_455 (0) 10 :  0.000 0.000 0.000 0.000 0.000 0.999
456 30_456 (6) 10 :  0.968 0.012 0.003 0.015 0.000 0.002
457 34_457 (26) 10 :  0.000 0.010 0.017 0.122 0.000 0.851
458 37_458 (0) 10 :  0.000 0.001 0.000 0.018 0.000 0.981
459 38_459 (26) 10 :  0.000 0.014 0.000 0.004 0.000 0.981
460 42_460 (20) 10 :  0.000 0.000 0.000 0.985 0.000 0.014
461 43_461 (0) 10 :  0.000 0.086 0.000 0.017 0.001 0.895
462 46_462 (13) 10 :  0.000 0.000 0.000 0.000 0.000 1.000
463 48_463 (13) 10 :  0.000 0.000 0.000 0.000 0.000 1.000
464 49_464 (0) 10 :  0.000 0.002 0.000 0.003 0.000 0.995
465 50_465 (6) 10 :  0.000 0.000 0.000 0.061 0.000 0.939
466 54_466 (0) 10 :  0.000 0.000 0.000 0.999 0.000 0.001
467 55_467 (40) 10 :  0.000 0.094 0.053 0.167 0.001 0.685
468 56_468 (6) 10 :  0.000 0.003 0.000 0.912 0.000 0.086
469 1_469 (0) 11 :  0.000 0.002 0.000 0.006 0.000 0.992
470 2_470 (0) 11 :  0.000 0.000 0.001 0.000 0.000 0.999
471 3_471 (0) 11 :  0.000 0.000 0.000 0.000 0.000 1.000
472 4_472 (0) 11 :  0.001 0.033 0.000 0.024 0.000 0.942
473 5_473 (0) 11 :  0.000 0.005 0.001 0.000 0.002 0.992
474 7_474 (0) 11 :  0.000 0.118 0.046 0.000 0.836 0.000
475 8_475 (0) 11 :  0.000 0.004 0.000 0.003 0.000 0.994
476 10_476 (6) 11 :  0.000 0.000 0.000 0.000 0.000 1.000
477 11_477 (0) 11 :  0.000 0.002 0.022 0.003 0.151 0.821
478 14_478 (0) 11 :  0.000 0.000 0.000 0.001 0.000 0.998
479 15_479 (0) 11 :  0.000 0.000 0.000 0.001 0.000 0.999
480 19_480 (0) 11 :  0.000 0.005 0.000 0.003 0.000 0.992
481 21_481 (0) 11 :  0.000 0.000 0.000 0.000 0.003 0.997
482 23_482 (0) 11 :  0.000 0.002 0.000 0.011 0.000 0.988
483 24_483 (6) 11 :  0.001 0.043 0.933 0.000 0.001 0.023
484 26_484 (0) 11 :  0.000 0.005 0.000 0.022 0.000 0.972
485 27_485 (0) 11 :  0.000 0.010 0.001 0.001 0.000 0.988
486 32_486 (0) 11 :  0.000 0.002 0.000 0.000 0.000 0.998
487 34_487 (0) 11 :  0.000 0.000 0.000 0.032 0.000 0.968
488 37_488 (0) 11 :  0.000 0.000 0.000 0.009 0.000 0.991
489 38_489 (0) 11 :  0.000 0.000 0.000 0.011 0.003 0.986
490 39_490 (0) 11 :  0.000 0.008 0.000 0.021 0.002 0.970
491 40_491 (0) 11 :  0.000 0.000 0.000 0.000 0.000 1.000
492 43_492 (6) 11 :  0.000 0.000 0.000 0.016 0.000 0.983
493 47_493 (0) 11 :  0.000 0.000 0.000 0.609 0.000 0.391
494 1_494 (6) 12 :  0.000 0.000 0.000 0.057 0.000 0.942
495 2_495 (6) 12 :  0.000 0.025 0.000 0.130 0.000 0.845
496 3_496 (0) 12 :  0.000 0.001 0.000 0.222 0.014 0.762
497 4_497 (13) 12 :  0.000 0.006 0.000 0.187 0.001 0.806
498 7_498 (0) 12 :  0.000 0.000 0.000 0.000 0.000 1.000
499 8_499 (13) 12 :  0.000 0.000 0.000 0.020 0.000 0.980
500 9_500 (20) 12 :  0.000 0.001 0.000 0.206 0.000 0.794
501 10_501 (13) 12 :  0.000 0.000 0.000 0.006 0.000 0.994
502 11_502 (6) 12 :  0.000 0.000 0.998 0.001 0.000 0.001
503 12_503 (6) 12 :  0.012 0.096 0.003 0.000 0.001 0.889
504 15_504 (13) 12 :  0.000 0.000 0.000 0.020 0.000 0.979
505 17_505 (6) 12 :  0.000 0.000 0.000 0.010 0.000 0.989
506 18_506 (6) 12 :  0.000 0.000 0.000 0.000 0.000 1.000
507 19_507 (6) 12 :  0.000 0.000 0.000 0.002 0.000 0.998
508 20_508 (13) 12 :  0.000 0.248 0.000 0.036 0.000 0.716
509 21_509 (6) 12 :  0.000 0.000 0.000 0.000 0.000 1.000
510 25_510 (6) 12 :  0.000 0.011 0.000 0.000 0.000 0.989
511 26_511 (0) 12 :  0.000 0.001 0.000 0.020 0.000 0.979
512 28_512 (6) 12 :  0.000 0.000 0.000 0.018 0.000 0.982
513 31_513 (13) 12 :  0.000 0.055 0.003 0.015 0.023 0.904
514 32_514 (13) 12 :  0.000 0.000 0.000 0.001 0.000 0.999
515 33_515 (13) 12 :  0.000 0.000 0.000 0.021 0.000 0.979
516 36_516 (6) 12 :  0.000 0.001 0.000 0.051 0.000 0.948
517 41_517 (6) 12 :  0.000 0.000 0.000 0.011 0.000 0.989
518 43_518 (6) 12 :  0.000 0.000 0.000 0.002 0.000 0.998
519 44_519 (33) 12 :  0.000 0.000 0.000 0.109 0.000 0.890
520 50_520 (0) 12 :  0.000 0.001 0.000 0.187 0.000 0.812
521 52_521 (60) 12 :  0.000 0.008 0.000 0.588 0.001 0.403
522 53_522 (20) 12 :  0.027 0.033 0.050 0.003 0.028 0.858
523 55_523 (26) 12 :  0.000 0.004 0.000 0.009 0.000 0.986
524 56_524 (6) 12 :  0.000 0.000 0.000 0.002 0.000 0.998
525 1_525 (0) 13 :  0.000 0.000 0.000 0.972 0.000 0.027
526 3_526 (6) 13 :  0.000 0.000 0.000 0.000 0.000 1.000
527 5_527 (6) 13 :  0.000 0.000 0.000 0.004 0.000 0.995
528 8_528 (13) 13 :  0.000 0.000 0.000 0.001 0.000 0.999
529 9_529 (6) 13 :  0.019 0.816 0.000 0.005 0.000 0.160
530 10_530 (6) 13 :  0.000 0.000 0.000 0.883 0.000 0.117
531 13_531 (6) 13 :  0.000 0.002 0.000 0.008 0.000 0.991
532 14_532 (0) 13 :  0.000 0.817 0.000 0.004 0.002 0.177
533 16_533 (6) 13 :  0.000 0.000 0.000 0.001 0.000 0.999
534 21_534 (0) 13 :  0.000 0.000 0.000 0.010 0.000 0.990
535 23_535 (6) 13 :  0.000 0.000 0.000 0.102 0.000 0.898
536 26_536 (0) 13 :  0.001 0.863 0.001 0.005 0.009 0.122
537 27_537 (0) 13 :  0.000 0.000 0.000 0.014 0.000 0.986
538 29_538 (13) 13 :  0.000 0.000 0.000 0.004 0.000 0.996
539 32_539 (0) 13 :  0.000 0.000 0.000 0.009 0.000 0.991
540 37_540 (0) 13 :  0.000 0.001 0.000 0.074 0.000 0.926
541 38_541 (0) 13 :  0.000 0.000 0.000 0.018 0.000 0.982
542 41_542 (6) 13 :  0.000 0.000 0.000 0.002 0.000 0.998
543 42_543 (0) 13 :  0.001 0.635 0.000 0.106 0.014 0.245
544 43_544 (0) 13 :  0.000 0.000 0.000 0.044 0.000 0.956
545 44_545 (0) 13 :  0.001 0.963 0.001 0.001 0.000 0.034
546 45_546 (0) 13 :  0.000 0.000 0.000 0.000 0.000 1.000
547 46_547 (0) 13 :  0.000 0.016 0.000 0.034 0.000 0.949
548 47_548 (0) 13 :  0.000 0.001 0.000 0.040 0.000 0.958
549 48_549 (0) 13 :  0.000 0.000 0.000 0.000 0.000 1.000
550 49_550 (6) 13 :  0.000 0.000 0.000 0.000 0.000 1.000
551 50_551 (0) 13 :  0.000 0.001 0.000 0.000 0.000 0.999
552 53_552 (6) 13 :  0.000 0.002 0.000 0.002 0.000 0.997
553 56_553 (6) 13 :  0.001 0.002 0.001 0.010 0.043 0.945
554 57_554 (0) 13 :  0.004 0.002 0.000 0.001 0.005 0.989
555 58_555 (0) 13 :  0.000 0.000 0.000 0.035 0.000 0.965
556 59_556 (0) 13 :  0.000 0.000 0.000 0.681 0.000 0.319
557 60_557 (6) 13 :  0.000 0.005 0.000 0.964 0.000 0.031
558 61_558 (0) 13 :  0.000 0.001 0.000 0.054 0.000 0.945
559 63_559 (6) 13 :  0.000 0.011 0.000 0.009 0.001 0.979
560 65_560 (6) 13 :  0.000 0.000 0.000 0.003 0.000 0.997
561 69_561 (0) 13 :  0.000 0.000 0.000 0.000 0.000 1.000
562 70_562 (6) 13 :  0.015 0.106 0.008 0.012 0.012 0.847
563 72_563 (0) 13 :  0.000 0.000 0.000 0.962 0.001 0.037
564 74_564 (0) 13 :  0.000 0.000 0.000 0.029 0.000 0.971
565 75_565 (6) 13 :  0.000 0.000 0.000 0.003 0.000 0.997
566 76_566 (6) 13 :  0.000 0.002 0.000 0.028 0.000 0.969
567 79_567 (0) 13 :  0.000 0.001 0.000 0.001 0.000 0.998
568 80_568 (6) 13 :  0.000 0.000 0.000 0.002 0.000 0.998
569 82_569 (0) 13 :  0.000 0.000 0.000 0.001 0.000 0.999
570 83_570 (0) 13 :  0.000 0.004 0.000 0.001 0.000 0.996
571 85_571 (6) 13 :  0.000 0.216 0.000 0.009 0.000 0.774
572 86_572 (0) 13 :  0.000 0.001 0.000 0.000 0.000 0.999
573 88_573 (6) 13 :  0.000 0.000 0.000 0.008 0.001 0.991
574 90_574 (0) 13 :  0.000 0.000 0.000 0.909 0.000 0.091
575 91_575 (0) 13 :  0.000 0.000 0.000 0.933 0.000 0.067
576 95_576 (0) 13 :  0.000 0.000 0.000 0.891 0.000 0.109
577 1_577 (0) 14 :  0.000 0.000 0.000 0.004 0.000 0.996
578 2_578 (6) 14 :  0.000 0.000 0.000 0.000 0.000 1.000
579 3_579 (0) 14 :  0.000 0.000 0.000 0.000 0.000 1.000
580 5_580 (0) 14 :  0.000 0.207 0.000 0.003 0.005 0.785
581 6_581 (0) 14 :  0.000 0.001 0.000 0.136 0.001 0.862
582 7_582 (0) 14 :  0.000 0.001 0.000 0.078 0.000 0.921
583 8_583 (13) 14 :  0.000 0.024 0.000 0.969 0.003 0.004
584 9_584 (6) 14 :  0.000 0.000 0.000 0.001 0.000 0.999
585 10_585 (0) 14 :  0.000 0.001 0.000 0.017 0.069 0.913
586 11_586 (13) 14 :  0.000 0.000 0.000 0.008 0.000 0.992
587 12_587 (0) 14 :  0.000 0.000 0.000 0.005 0.000 0.995
588 13_588 (0) 14 :  0.000 0.000 0.000 0.006 0.000 0.994
589 14_589 (0) 14 :  0.000 0.000 0.000 0.000 0.000 1.000
590 15_590 (0) 14 :  0.000 0.014 0.000 0.010 0.004 0.973
591 16_591 (6) 14 :  0.000 0.000 0.000 0.067 0.000 0.933
592 17_592 (0) 14 :  0.000 0.000 0.000 0.002 0.000 0.997
593 18_593 (13) 14 :  0.000 0.000 0.000 0.025 0.000 0.974
594 19_594 (0) 14 :  0.000 0.006 0.000 0.055 0.000 0.939
595 20_595 (6) 14 :  0.000 0.001 0.001 0.977 0.000 0.021
596 21_596 (20) 14 :  0.000 0.150 0.000 0.764 0.084 0.002
597 22_597 (0) 14 :  0.000 0.000 0.000 0.001 0.000 0.999
598 24_598 (0) 14 :  0.002 0.000 0.000 0.015 0.000 0.983
599 25_599 (6) 14 :  0.000 0.003 0.000 0.935 0.000 0.062
600 26_600 (0) 14 :  0.000 0.002 0.000 0.002 0.000 0.995
601 28_601 (13) 14 :  0.000 0.013 0.000 0.112 0.000 0.874
602 29_602 (0) 14 :  0.000 0.000 0.000 0.000 0.000 1.000
603 30_603 (0) 14 :  0.000 0.000 0.001 0.003 0.001 0.995
604 31_604 (20) 14 :  0.000 0.005 0.000 0.046 0.000 0.949
605 32_605 (0) 14 :  0.000 0.000 0.000 0.408 0.000 0.592
606 33_606 (6) 14 :  0.000 0.000 0.000 0.001 0.000 0.999
607 34_607 (0) 14 :  0.000 0.001 0.000 0.030 0.000 0.969
608 35_608 (6) 14 :  0.000 0.003 0.000 0.000 0.000 0.996
609 36_609 (20) 14 :  0.014 0.003 0.001 0.001 0.002 0.980
610 37_610 (6) 14 :  0.000 0.000 0.000 0.057 0.000 0.943
611 38_611 (6) 14 :  0.000 0.033 0.000 0.882 0.031 0.054
612 41_612 (0) 14 :  0.000 0.000 0.000 0.000 0.000 1.000
613 42_613 (0) 14 :  0.000 0.000 0.000 0.000 0.000 1.000
614 43_614 (0) 14 :  0.000 0.000 0.000 0.068 0.000 0.932
615 44_615 (0) 14 :  0.000 0.000 0.000 0.050 0.000 0.950
616 45_616 (6) 14 :  0.000 0.000 0.000 0.001 0.000 0.999
617 46_617 (6) 14 :  0.000 0.674 0.000 0.241 0.019 0.066
618 48_618 (6) 14 :  0.000 0.000 0.000 0.001 0.000 0.999
619 49_619 (0) 14 :  0.000 0.000 0.000 0.001 0.000 0.999
620 50_620 (13) 14 :  0.000 0.000 0.000 0.001 0.000 0.999
621 51_621 (6) 14 :  0.000 0.000 0.000 0.001 0.000 0.999
622 52_622 (13) 14 :  0.000 0.000 0.000 0.008 0.000 0.992
623 53_623 (6) 14 :  0.000 0.001 0.000 0.000 0.000 0.998
624 54_624 (13) 14 :  0.000 0.000 0.000 0.060 0.005 0.935
625 55_625 (13) 14 :  0.000 0.027 0.000 0.663 0.000 0.310
626 56_626 (13) 14 :  0.000 0.000 0.000 0.004 0.000 0.996
627 58_627 (13) 14 :  0.000 0.000 0.000 0.969 0.000 0.031
628 59_628 (13) 14 :  0.000 0.123 0.000 0.002 0.022 0.853
629 60_629 (13) 14 :  0.000 0.003 0.000 0.000 0.002 0.994
630 61_630 (13) 14 :  0.000 0.894 0.000 0.002 0.000 0.104
631 62_631 (6) 14 :  0.000 0.006 0.000 0.005 0.000 0.988
632 63_632 (26) 14 :  0.001 0.098 0.000 0.821 0.006 0.074
633 64_633 (13) 14 :  0.000 0.001 0.000 0.001 0.000 0.998
634 1_634 (13) 15 :  0.000 0.162 0.000 0.001 0.000 0.837
635 3_635 (6) 15 :  0.000 0.004 0.000 0.000 0.000 0.996
636 4_636 (0) 15 :  0.000 0.001 0.000 0.003 0.000 0.995
637 5_637 (0) 15 :  0.000 0.008 0.000 0.931 0.001 0.061
638 6_638 (6) 15 :  0.000 0.000 0.000 0.005 0.000 0.995
639 8_639 (6) 15 :  0.000 0.000 0.000 0.000 0.000 1.000
640 10_640 (6) 15 :  0.000 0.000 0.000 0.117 0.000 0.883
641 11_641 (13) 15 :  0.000 0.004 0.000 0.001 0.000 0.995
642 12_642 (13) 15 :  0.000 0.000 0.000 0.990 0.000 0.010
643 13_643 (6) 15 :  0.007 0.131 0.000 0.018 0.303 0.541
644 16_644 (6) 15 :  0.000 0.000 0.000 0.000 0.000 1.000
645 18_645 (0) 15 :  0.000 0.002 0.000 0.000 0.000 0.998
646 19_646 (0) 15 :  0.000 0.000 0.000 0.000 0.000 1.000
647 20_647 (0) 15 :  0.000 0.027 0.000 0.008 0.000 0.965
648 21_648 (20) 15 :  0.000 0.020 0.000 0.000 0.001 0.978
649 22_649 (0) 15 :  0.000 0.000 0.000 0.024 0.000 0.976
650 23_650 (13) 15 :  0.000 0.005 0.000 0.005 0.000 0.990
651 24_651 (0) 15 :  0.000 0.002 0.000 0.060 0.000 0.938
652 25_652 (6) 15 :  0.000 0.003 0.000 0.000 0.000 0.997
653 26_653 (6) 15 :  0.000 0.000 0.000 0.000 0.001 0.999
654 27_654 (6) 15 :  0.000 0.086 0.000 0.644 0.012 0.258
655 28_655 (0) 15 :  0.000 0.175 0.000 0.051 0.000 0.774
656 30_656 (6) 15 :  0.000 0.001 0.000 0.000 0.000 0.999
657 32_657 (0) 15 :  0.000 0.041 0.000 0.014 0.000 0.945
658 34_658 (20) 15 :  0.000 0.010 0.000 0.360 0.000 0.630
659 36_659 (13) 15 :  0.000 0.089 0.000 0.023 0.009 0.880
660 38_660 (0) 15 :  0.000 0.000 0.000 0.001 0.000 0.998
661 39_661 (0) 15 :  0.001 0.986 0.000 0.000 0.004 0.009
662 41_662 (0) 15 :  0.000 0.000 0.000 0.001 0.000 0.999
663 42_663 (13) 15 :  0.004 0.000 0.002 0.003 0.001 0.991
664 43_664 (0) 15 :  0.000 0.002 0.000 0.000 0.003 0.994
665 44_665 (13) 15 :  0.000 0.133 0.000 0.002 0.000 0.865
666 45_666 (0) 15 :  0.000 0.002 0.000 0.012 0.001 0.984
667 46_667 (0) 15 :  0.000 0.000 0.000 0.000 0.000 1.000
668 47_668 (6) 15 :  0.000 0.007 0.000 0.000 0.000 0.993
669 49_669 (6) 15 :  0.000 0.000 0.000 0.000 0.000 0.999
670 50_670 (0) 15 :  0.000 0.002 0.000 0.009 0.000 0.989
671 51_671 (0) 15 :  0.000 0.063 0.000 0.024 0.001 0.912
672 52_672 (0) 15 :  0.000 0.011 0.000 0.145 0.000 0.843
673 54_673 (0) 15 :  0.000 0.281 0.000 0.003 0.000 0.715
674 55_674 (6) 15 :  0.000 0.004 0.000 0.000 0.000 0.995
675 56_675 (26) 15 :  0.000 0.051 0.068 0.000 0.001 0.879
676 1_676 (6) 16 :  0.000 0.000 0.000 0.000 0.000 1.000
677 3_677 (0) 16 :  0.000 0.004 0.000 0.762 0.000 0.234
678 4_678 (0) 16 :  0.000 0.510 0.000 0.098 0.022 0.370
679 5_679 (0) 16 :  0.000 0.000 0.000 0.001 0.000 0.999
680 7_680 (0) 16 :  0.000 0.001 0.000 0.932 0.000 0.067
681 8_681 (6) 16 :  0.000 0.006 0.000 0.000 0.000 0.994
682 10_682 (0) 16 :  0.000 0.001 0.000 0.036 0.005 0.959
683 11_683 (0) 16 :  0.001 0.010 0.000 0.000 0.000 0.989
684 12_684 (0) 16 :  0.000 0.011 0.003 0.010 0.044 0.932
685 16_685 (0) 16 :  0.000 0.053 0.000 0.003 0.000 0.944
686 17_686 (0) 16 :  0.000 0.000 0.000 0.019 0.000 0.981
687 18_687 (0) 16 :  0.000 0.000 0.000 0.001 0.000 0.999
688 19_688 (6) 16 :  0.000 0.009 0.000 0.710 0.000 0.280
689 22_689 (13) 16 :  0.000 0.019 0.000 0.877 0.001 0.104
690 24_690 (0) 16 :  0.000 0.000 0.000 0.004 0.000 0.995
691 25_691 (6) 16 :  0.000 0.000 0.000 0.002 0.000 0.998
692 26_692 (0) 16 :  0.000 0.063 0.000 0.075 0.000 0.861
693 29_693 (0) 16 :  0.000 0.001 0.000 0.128 0.000 0.871
694 31_694 (0) 16 :  0.000 0.000 0.000 0.000 0.000 1.000
695 32_695 (0) 16 :  0.000 0.016 0.000 0.015 0.253 0.717
696 35_696 (0) 16 :  0.000 0.000 0.000 0.006 0.000 0.994
697 36_697 (0) 16 :  0.002 0.125 0.000 0.037 0.728 0.108
698 37_698 (0) 16 :  0.000 0.001 0.000 0.001 0.000 0.998
699 38_699 (0) 16 :  0.000 0.003 0.000 0.002 0.052 0.943
700 40_700 (0) 16 :  0.000 0.000 0.000 0.000 0.000 1.000
701 43_701 (0) 16 :  0.000 0.002 0.000 0.001 0.000 0.997
702 44_702 (0) 16 :  0.000 0.000 0.000 0.000 0.000 0.999
703 46_703 (0) 16 :  0.000 0.002 0.000 0.039 0.000 0.959
704 49_704 (6) 16 :  0.000 0.007 0.000 0.888 0.011 0.094
705 51_705 (0) 16 :  0.000 0.039 0.000 0.029 0.000 0.932
706 52_706 (0) 16 :  0.000 0.768 0.000 0.118 0.042 0.071
707 53_707 (6) 16 :  0.010 0.168 0.000 0.808 0.009 0.005
708 54_708 (20) 16 :  0.000 0.002 0.000 0.002 0.000 0.997
709 55_709 (20) 16 :  0.973 0.019 0.006 0.000 0.000 0.001
710 56_710 (6) 16 :  0.000 0.001 0.000 0.005 0.000 0.995
711 58_711 (6) 16 :  0.000 0.007 0.000 0.000 0.000 0.992
