  1:     0.000  0.000  0.048  0.000  0.952       21
  2:     0.000  0.000  0.028  0.000  0.972       36
  3:     0.030  0.030  0.076  0.030  0.833       66
  4:     0.115  0.019  0.058  0.000  0.808       52
  5:     0.113  0.042  0.028  0.014  0.803       71
  6:     0.000  0.000  0.022  0.000  0.978       46
  7:     0.017  0.017  0.000  0.000  0.966       58
  8:     0.000  0.034  0.034  0.017  0.914       58
  9:     0.030  0.000  0.030  0.061  0.879       33
 10:     0.037  0.000  0.000  0.037  0.926       27
 11:     0.120  0.000  0.080  0.000  0.800       25
 12:     0.065  0.000  0.000  0.000  0.935       31
 13:     0.000  0.000  0.000  0.000  1.000       52
 14:     0.000  0.000  0.000  0.000  1.000       57
 15:     0.024  0.024  0.024  0.000  0.929       42
 16:     0.000  0.000  0.048  0.024  0.929       42
 17:     0.040  0.000  0.000  0.000  0.960       25
 18:     0.000  0.000  0.184  0.026  0.789       38
 19:     0.229  0.057  0.114  0.114  0.486       35
 20:     0.158  0.088  0.193  0.018  0.544       57
 21:     0.000  0.125  0.250  0.000  0.625        8
 22:     0.167  0.037  0.204  0.111  0.481       54
 23:     0.093  0.040  0.080  0.027  0.760       75
 24:     0.140  0.100  0.100  0.020  0.640       50
 25:     0.048  0.000  0.119  0.048  0.786       42
 26:     0.452  0.000  0.167  0.024  0.357       42
 27:     0.074  0.111  0.556  0.222  0.037       27
 28:     0.111  0.074  0.630  0.111  0.074       27
 29:     0.107  0.036  0.804  0.036  0.018       56
 30:     0.017  0.052  0.759  0.172  0.000       58
 31:     0.049  0.000  0.854  0.073  0.024       41
 32:     0.077  0.000  0.885  0.038  0.000       26
 33:     0.039  0.000  0.765  0.020  0.176       51
 34:     0.032  0.000  0.871  0.097  0.000       31
 35:     0.077  0.000  0.865  0.058  0.000       52
 36:     0.000  0.023  0.907  0.070  0.000       43
 37:     0.043  0.043  0.913  0.000  0.000       23
 38:     0.095  0.000  0.833  0.071  0.000       42
 39:     0.024  0.000  0.951  0.000  0.024       41
 40:     0.030  0.000  0.909  0.061  0.000       33
 41:     0.000  0.077  0.923  0.000  0.000       26
 42:     0.000  0.029  0.886  0.057  0.029       35
 43:     0.000  0.000  0.909  0.091  0.000       22
 44:     0.058  0.212  0.538  0.096  0.096       52
 45:     0.171  0.024  0.585  0.195  0.024       41
 46:     0.087  0.087  0.087  0.739  0.000       46
 47:     0.079  0.000  0.000  0.921  0.000       38
 48:     0.069  0.000  0.052  0.879  0.000       58
 49:     0.036  0.018  0.018  0.927  0.000       55
 50:     0.000  0.049  0.000  0.918  0.033       61
 51:     0.114  0.114  0.086  0.686  0.000       35
 52:     0.043  0.174  0.000  0.783  0.000       23
 53:     0.635  0.192  0.058  0.077  0.038       52
 54:     0.182  0.227  0.000  0.591  0.000       22
 55:     0.200  0.200  0.000  0.600  0.000       35
 56:     0.143  0.286  0.000  0.571  0.000       14
 57:     0.381  0.310  0.071  0.238  0.000       42
 58:     0.462  0.385  0.000  0.154  0.000       39
 59:     0.250  0.679  0.018  0.036  0.018       56
 60:     0.265  0.714  0.000  0.000  0.020       49
 61:     0.111  0.815  0.000  0.074  0.000       27
 62:     0.146  0.829  0.000  0.024  0.000       41
 63:     0.091  0.879  0.000  0.030  0.000       33
