  1:     0.000  0.000  0.023  0.030  0.946       21
  2:     0.003  0.000  0.011  0.279  0.707       36
  3:     0.035  0.026  0.048  0.118  0.773       66
  4:     0.040  0.062  0.050  0.144  0.704       52
  5:     0.007  0.105  0.035  0.161  0.692       71
  6:     0.001  0.000  0.014  0.096  0.888       46
  7:     0.002  0.013  0.003  0.148  0.835       58
  8:     0.025  0.028  0.018  0.103  0.825       58
  9:     0.013  0.001  0.041  0.139  0.806       33
 10:     0.032  0.012  0.001  0.053  0.901       27
 11:     0.002  0.046  0.076  0.067  0.809       25
 12:     0.007  0.038  0.011  0.075  0.870       31
 13:     0.002  0.000  0.007  0.116  0.876       52
 14:     0.002  0.000  0.015  0.089  0.893       57
 15:     0.002  0.006  0.018  0.196  0.779       42
 16:     0.022  0.001  0.039  0.113  0.825       42
 17:     0.005  0.006  0.011  0.134  0.844       25
 18:     0.002  0.000  0.079  0.724  0.194       38
 19:     0.057  0.109  0.122  0.586  0.126       35
 20:     0.021  0.072  0.090  0.726  0.091       57
 21:     0.005  0.120  0.122  0.561  0.192        8
 22:     0.050  0.084  0.055  0.762  0.049       54
 23:     0.010  0.005  0.017  0.914  0.054       75
 24:     0.009  0.048  0.058  0.833  0.052       50
 25:     0.012  0.002  0.024  0.883  0.078       42
 26:     0.022  0.015  0.029  0.910  0.023       42
 27:     0.231  0.081  0.537  0.138  0.013       27
 28:     0.223  0.085  0.499  0.160  0.033       27
 29:     0.101  0.033  0.726  0.094  0.046       56
 30:     0.172  0.030  0.729  0.063  0.005       58
 31:     0.093  0.017  0.786  0.097  0.007       41
 32:     0.021  0.018  0.921  0.034  0.005       26
 33:     0.029  0.003  0.708  0.161  0.098       51
 34:     0.145  0.053  0.744  0.057  0.001       31
 35:     0.064  0.019  0.852  0.059  0.006       52
 36:     0.077  0.012  0.847  0.060  0.004       43
 37:     0.020  0.043  0.897  0.008  0.032       23
 38:     0.057  0.042  0.833  0.062  0.006       42
 39:     0.010  0.001  0.807  0.138  0.045       41
 40:     0.066  0.019  0.826  0.069  0.021       33
 41:     0.071  0.041  0.811  0.063  0.014       26
 42:     0.053  0.017  0.792  0.134  0.004       35
 43:     0.085  0.004  0.871  0.039  0.001       22
 44:     0.097  0.149  0.598  0.108  0.048       52
 45:     0.183  0.027  0.651  0.103  0.036       41
 46:     0.711  0.095  0.149  0.044  0.002       46
 47:     0.906  0.019  0.066  0.008  0.001       38
 48:     0.887  0.040  0.057  0.016  0.001       58
 49:     0.887  0.046  0.049  0.015  0.003       55
 50:     0.897  0.048  0.019  0.019  0.017       61
 51:     0.720  0.135  0.100  0.035  0.011       35
 52:     0.795  0.170  0.027  0.008  0.000       23
 53:     0.202  0.665  0.055  0.062  0.015       52
 54:     0.671  0.229  0.021  0.078  0.000       22
 55:     0.682  0.278  0.004  0.035  0.001       35
 56:     0.696  0.294  0.008  0.001  0.000       14
 57:     0.302  0.624  0.040  0.034  0.001       42
 58:     0.321  0.551  0.051  0.076  0.001       39
 59:     0.044  0.873  0.058  0.012  0.012       56
 60:     0.054  0.891  0.018  0.028  0.009       49
 61:     0.062  0.935  0.001  0.002  0.000       27
 62:     0.039  0.952  0.005  0.001  0.003       41
 63:     0.036  0.962  0.000  0.001  0.000       33
