  1:     0.000  0.048  0.952  0.000  0.000  0.000       21
  2:     0.000  0.056  0.917  0.028  0.000  0.000       36
  3:     0.015  0.030  0.788  0.061  0.076  0.030       66
  4:     0.038  0.096  0.769  0.019  0.058  0.019       52
  5:     0.085  0.085  0.789  0.000  0.042  0.000       71
  6:     0.000  0.000  0.957  0.022  0.022  0.000       46
  7:     0.017  0.034  0.914  0.000  0.034  0.000       58
  8:     0.017  0.052  0.897  0.000  0.017  0.017       58
  9:     0.000  0.061  0.848  0.000  0.091  0.000       33
 10:     0.000  0.000  0.963  0.000  0.000  0.037       27
 11:     0.040  0.080  0.840  0.000  0.040  0.000       25
 12:     0.032  0.032  0.935  0.000  0.000  0.000       31
 13:     0.000  0.000  0.981  0.019  0.000  0.000       52
 14:     0.000  0.018  0.965  0.000  0.018  0.000       57
 15:     0.000  0.000  0.929  0.048  0.024  0.000       42
 16:     0.000  0.024  0.857  0.024  0.071  0.024       42
 17:     0.000  0.040  0.960  0.000  0.000  0.000       25
 18:     0.000  0.105  0.684  0.105  0.105  0.000       38
 19:     0.057  0.086  0.371  0.286  0.114  0.086       35
 20:     0.053  0.035  0.421  0.316  0.158  0.018       57
 21:     0.125  0.000  0.500  0.375  0.000  0.000        8
 22:     0.093  0.037  0.296  0.352  0.130  0.093       54
 23:     0.000  0.040  0.640  0.173  0.107  0.040       75
 24:     0.080  0.000  0.520  0.300  0.060  0.040       50
 25:     0.000  0.000  0.452  0.286  0.167  0.095       42
 26:     0.000  0.024  0.024  0.048  0.905  0.000       42
 27:     0.000  0.704  0.000  0.148  0.111  0.037       27
 28:     0.037  0.519  0.037  0.185  0.111  0.111       27
 29:     0.018  0.536  0.018  0.161  0.250  0.018       56
 30:     0.017  0.414  0.000  0.103  0.379  0.086       58
 31:     0.000  0.244  0.000  0.220  0.488  0.049       41
 32:     0.000  0.077  0.000  0.000  0.885  0.038       26
 33:     0.000  0.176  0.098  0.353  0.373  0.000       51
 34:     0.065  0.323  0.000  0.452  0.129  0.032       31
 35:     0.000  0.250  0.000  0.500  0.231  0.019       52
 36:     0.000  0.140  0.000  0.395  0.465  0.000       43
 37:     0.000  0.087  0.043  0.522  0.348  0.000       23
 38:     0.024  0.095  0.000  0.548  0.310  0.024       42
 39:     0.000  0.000  0.024  0.878  0.098  0.000       41
 40:     0.000  0.364  0.000  0.515  0.121  0.000       33
 41:     0.000  0.269  0.000  0.577  0.154  0.000       26
 42:     0.000  0.229  0.029  0.571  0.143  0.029       35
 43:     0.000  0.136  0.000  0.727  0.136  0.000       22
 44:     0.058  0.173  0.058  0.615  0.096  0.000       52
 45:     0.000  0.317  0.049  0.488  0.024  0.122       41
 46:     0.000  0.370  0.000  0.022  0.022  0.587       46
 47:     0.026  0.026  0.000  0.000  0.053  0.895       38
 48:     0.000  0.052  0.000  0.017  0.052  0.879       58
 49:     0.036  0.073  0.000  0.018  0.018  0.855       55
 50:     0.000  0.131  0.016  0.000  0.000  0.852       61
 51:     0.057  0.057  0.000  0.029  0.086  0.771       35
 52:     0.174  0.043  0.000  0.043  0.000  0.739       23
 53:     0.615  0.058  0.019  0.019  0.077  0.212       52
 54:     0.182  0.045  0.000  0.091  0.045  0.636       22
 55:     0.343  0.000  0.000  0.000  0.000  0.657       35
 56:     0.286  0.000  0.000  0.000  0.000  0.714       14
 57:     0.548  0.143  0.000  0.024  0.000  0.286       42
 58:     0.538  0.128  0.000  0.077  0.026  0.231       39
 59:     0.804  0.071  0.018  0.071  0.036  0.000       56
 60:     0.898  0.041  0.000  0.000  0.020  0.041       49
 61:     0.889  0.037  0.000  0.000  0.000  0.074       27
 62:     0.976  0.000  0.000  0.000  0.000  0.024       41
 63:     0.939  0.030  0.000  0.000  0.000  0.030       33
