  1:     0.000  0.968  0.031       21
  2:     0.001  0.956  0.044       36
  3:     0.045  0.860  0.095       66
  4:     0.082  0.826  0.092       52
  5:     0.098  0.836  0.067       71
  6:     0.001  0.971  0.028       46
  7:     0.013  0.978  0.009       58
  8:     0.042  0.921  0.036       58
  9:     0.009  0.928  0.063       33
 10:     0.023  0.975  0.003       27
 11:     0.036  0.862  0.102       25
 12:     0.047  0.934  0.018       31
 13:     0.001  0.982  0.017       52
 14:     0.002  0.969  0.028       57
 15:     0.008  0.959  0.033       42
 16:     0.020  0.925  0.055       42
 17:     0.014  0.962  0.024       25
 18:     0.004  0.780  0.216       38
 19:     0.210  0.536  0.255       35
 20:     0.098  0.653  0.250       57
 21:     0.124  0.640  0.236        8
 22:     0.166  0.518  0.315       54
 23:     0.054  0.803  0.142       75
 24:     0.127  0.702  0.171       50
 25:     0.032  0.814  0.154       42
 26:     0.086  0.634  0.280       42
 27:     0.224  0.050  0.726       27
 28:     0.189  0.092  0.719       27
 29:     0.105  0.062  0.833       56
 30:     0.144  0.014  0.841       58
 31:     0.064  0.040  0.896       41
 32:     0.016  0.019  0.965       26
 33:     0.016  0.190  0.794       51
 34:     0.131  0.010  0.859       31
 35:     0.067  0.018  0.915       52
 36:     0.049  0.008  0.944       43
 37:     0.049  0.045  0.906       23
 38:     0.076  0.015  0.909       42
 39:     0.007  0.060  0.933       41
 40:     0.055  0.033  0.911       33
 41:     0.051  0.039  0.910       26
 42:     0.049  0.051  0.900       35
 43:     0.017  0.017  0.967       22
 44:     0.170  0.088  0.742       52
 45:     0.089  0.074  0.837       41
 46:     0.587  0.020  0.393       46
 47:     0.771  0.006  0.222       38
 48:     0.801  0.009  0.190       58
 49:     0.634  0.014  0.352       55
 50:     0.834  0.027  0.139       61
 51:     0.705  0.031  0.264       35
 52:     0.874  0.000  0.125       23
 53:     0.875  0.050  0.075       52
 54:     0.891  0.016  0.093       22
 55:     0.960  0.005  0.035       35
 56:     0.881  0.001  0.118       14
 57:     0.941  0.010  0.049       42
 58:     0.898  0.036  0.066       39
 59:     0.890  0.027  0.082       56
 60:     0.933  0.034  0.033       49
 61:     0.995  0.000  0.004       27
 62:     0.983  0.011  0.006       41
 63:     0.999  0.000  0.001       33
