  1:     0.952  0.001  0.000  0.006  0.041       21
  2:     0.764  0.007  0.000  0.105  0.124       36
  3:     0.677  0.034  0.030  0.085  0.174       66
  4:     0.561  0.040  0.072  0.108  0.219       52
  5:     0.575  0.036  0.078  0.115  0.195       71
  6:     0.712  0.015  0.001  0.044  0.229       46
  7:     0.902  0.002  0.006  0.032  0.058       58
  8:     0.151  0.017  0.032  0.052  0.749       58
  9:     0.119  0.034  0.002  0.083  0.762       33
 10:     0.175  0.001  0.026  0.027  0.770       27
 11:     0.042  0.031  0.017  0.042  0.868       25
 12:     0.073  0.005  0.031  0.028  0.863       31
 13:     0.131  0.004  0.001  0.077  0.787       52
 14:     0.137  0.007  0.000  0.036  0.820       57
 15:     0.106  0.007  0.001  0.084  0.802       42
 16:     0.120  0.019  0.014  0.071  0.776       42
 17:     0.334  0.008  0.006  0.056  0.595       25
 18:     0.113  0.059  0.001  0.640  0.187       38
 19:     0.069  0.119  0.138  0.554  0.120       35
 20:     0.111  0.084  0.068  0.674  0.064       57
 21:     0.043  0.125  0.105  0.546  0.180        8
 22:     0.032  0.055  0.099  0.770  0.044       54
 23:     0.043  0.009  0.011  0.875  0.061       75
 24:     0.076  0.048  0.049  0.786  0.041       50
 25:     0.108  0.020  0.005  0.811  0.056       42
 26:     0.072  0.025  0.029  0.860  0.015       42
 27:     0.004  0.634  0.194  0.143  0.025       27
 28:     0.031  0.559  0.176  0.184  0.051       27
 29:     0.053  0.693  0.092  0.131  0.031       56
 30:     0.002  0.787  0.118  0.081  0.012       58
 31:     0.006  0.802  0.057  0.126  0.009       41
 32:     0.005  0.942  0.009  0.037  0.007       26
 33:     0.100  0.684  0.009  0.151  0.057       51
 34:     0.003  0.799  0.124  0.072  0.002       31
 35:     0.008  0.833  0.061  0.082  0.017       52
 36:     0.005  0.864  0.041  0.079  0.011       43
 37:     0.027  0.883  0.036  0.027  0.027       23
 38:     0.003  0.845  0.068  0.075  0.009       42
 39:     0.006  0.685  0.005  0.246  0.057       41
 40:     0.018  0.834  0.039  0.086  0.023       33
 41:     0.008  0.844  0.046  0.069  0.034       26
 42:     0.007  0.791  0.035  0.150  0.016       35
 43:     0.005  0.936  0.012  0.046  0.000       22
 44:     0.020  0.641  0.150  0.118  0.071       52
 45:     0.024  0.759  0.076  0.119  0.022       41
 46:     0.011  0.395  0.540  0.053  0.001       46
 47:     0.002  0.220  0.717  0.060  0.002       38
 48:     0.014  0.193  0.731  0.061  0.001       58
 49:     0.015  0.350  0.561  0.070  0.003       55
 50:     0.004  0.131  0.802  0.047  0.017       61
 51:     0.016  0.273  0.635  0.063  0.013       35
 52:     0.000  0.102  0.858  0.040  0.000       23
 53:     0.007  0.057  0.853  0.066  0.017       52
 54:     0.000  0.068  0.850  0.077  0.004       22
 55:     0.001  0.036  0.919  0.044  0.001       35
 56:     0.001  0.122  0.869  0.008  0.000       14
 57:     0.001  0.046  0.915  0.036  0.001       42
 58:     0.003  0.042  0.857  0.097  0.001       39
 59:     0.012  0.075  0.853  0.017  0.043       56
 60:     0.021  0.025  0.914  0.035  0.005       49
 61:     0.001  0.004  0.989  0.006  0.001       27
 62:     0.012  0.004  0.974  0.001  0.009       41
 63:     0.000  0.001  0.994  0.004  0.000       33
