  1:     0.000  0.952  0.048       21
  2:     0.000  0.972  0.028       36
  3:     0.045  0.879  0.076       66
  4:     0.058  0.846  0.096       52
  5:     0.099  0.845  0.056       71
  6:     0.000  0.978  0.022       46
  7:     0.000  1.000  0.000       58
  8:     0.034  0.948  0.017       58
  9:     0.000  0.970  0.030       33
 10:     0.000  1.000  0.000       27
 11:     0.040  0.920  0.040       25
 12:     0.065  0.935  0.000       31
 13:     0.000  1.000  0.000       52
 14:     0.000  1.000  0.000       57
 15:     0.000  0.976  0.024       42
 16:     0.024  0.952  0.024       42
 17:     0.000  0.960  0.040       25
 18:     0.000  0.789  0.211       38
 19:     0.200  0.600  0.200       35
 20:     0.088  0.684  0.228       57
 21:     0.125  0.750  0.125        8
 22:     0.130  0.593  0.278       54
 23:     0.040  0.893  0.067       75
 24:     0.120  0.760  0.120       50
 25:     0.000  0.857  0.143       42
 26:     0.071  0.667  0.262       42
 27:     0.148  0.037  0.815       27
 28:     0.185  0.074  0.741       27
 29:     0.143  0.036  0.821       56
 30:     0.138  0.000  0.862       58
 31:     0.049  0.049  0.902       41
 32:     0.000  0.000  1.000       26
 33:     0.000  0.216  0.784       51
 34:     0.097  0.000  0.903       31
 35:     0.019  0.019  0.962       52
 36:     0.023  0.000  0.977       43
 37:     0.043  0.043  0.913       23
 38:     0.048  0.000  0.952       42
 39:     0.000  0.024  0.976       41
 40:     0.030  0.030  0.939       33
 41:     0.038  0.038  0.923       26
 42:     0.029  0.029  0.943       35
 43:     0.000  0.000  1.000       22
 44:     0.096  0.077  0.827       52
 45:     0.049  0.073  0.878       41
 46:     0.543  0.022  0.435       46
 47:     0.789  0.000  0.211       38
 48:     0.862  0.000  0.138       58
 49:     0.618  0.000  0.382       55
 50:     0.869  0.033  0.098       61
 51:     0.743  0.029  0.229       35
 52:     0.913  0.000  0.087       23
 53:     0.885  0.038  0.077       52
 54:     0.909  0.000  0.091       22
 55:     0.971  0.000  0.029       35
 56:     0.929  0.000  0.071       14
 57:     0.929  0.024  0.048       42
 58:     0.923  0.051  0.026       39
 59:     0.946  0.018  0.036       56
 60:     0.959  0.041  0.000       49
 61:     1.000  0.000  0.000       27
 62:     1.000  0.000  0.000       41
 63:     1.000  0.000  0.000       33
