1 4_1 (0) 1 :  0.000 0.000 0.924 0.000 0.000 0.076
2 6_2 (0) 1 :  0.000 0.000 1.000 0.000 0.000 0.000
3 10_3 (0) 1 :  0.000 0.000 0.978 0.000 0.000 0.022
4 11_4 (0) 1 :  0.000 0.000 0.998 0.000 0.000 0.002
5 12_5 (0) 1 :  0.000 0.000 1.000 0.000 0.000 0.000
6 13_6 (0) 1 :  0.000 0.000 0.987 0.000 0.000 0.012
7 18_7 (6) 1 :  0.003 0.001 0.915 0.000 0.000 0.081
8 19_8 (0) 1 :  0.000 0.000 0.859 0.000 0.000 0.141
9 20_9 (0) 1 :  0.000 0.000 0.999 0.000 0.000 0.000
10 21_10 (0) 1 :  0.010 0.035 0.950 0.000 0.000 0.005
11 22_11 (6) 1 :  0.008 0.028 0.947 0.000 0.000 0.017
12 24_12 (20) 1 :  0.032 0.016 0.922 0.001 0.003 0.027
13 26_13 (0) 1 :  0.059 0.762 0.170 0.000 0.000 0.009
14 31_14 (0) 1 :  0.000 0.000 0.997 0.000 0.000 0.002
15 33_15 (6) 1 :  0.000 0.001 0.987 0.000 0.000 0.012
16 34_16 (6) 1 :  0.000 0.000 0.983 0.000 0.000 0.017
17 37_17 (0) 1 :  0.000 0.000 1.000 0.000 0.000 0.000
18 38_18 (0) 1 :  0.000 0.000 0.999 0.000 0.000 0.001
19 39_19 (0) 1 :  0.000 0.000 0.997 0.000 0.000 0.003
20 46_20 (0) 1 :  0.000 0.000 0.824 0.000 0.000 0.175
21 48_21 (6) 1 :  0.000 0.001 0.994 0.000 0.000 0.005
22 1_22 (13) 2 :  0.000 0.000 1.000 0.000 0.000 0.000
23 2_23 (6) 2 :  0.000 0.000 0.986 0.000 0.000 0.014
24 3_24 (0) 2 :  0.000 0.000 0.679 0.000 0.000 0.321
25 4_25 (0) 2 :  0.000 0.000 0.990 0.000 0.000 0.010
26 6_26 (0) 2 :  0.273 0.003 0.336 0.000 0.000 0.388
27 7_27 (6) 2 :  0.005 0.113 0.331 0.032 0.000 0.519
28 8_28 (26) 2 :  0.002 0.000 0.932 0.000 0.000 0.067
29 9_29 (26) 2 :  0.000 0.002 0.432 0.000 0.000 0.566
30 10_30 (0) 2 :  0.000 0.013 0.626 0.001 0.000 0.360
31 11_31 (26) 2 :  0.002 0.784 0.005 0.000 0.000 0.209
32 12_32 (0) 2 :  0.000 0.000 0.550 0.000 0.000 0.449
33 13_33 (0) 2 :  0.000 0.000 0.978 0.000 0.000 0.022
34 14_34 (13) 2 :  0.000 0.128 0.479 0.000 0.001 0.391
35 16_35 (13) 2 :  0.001 0.000 0.994 0.000 0.000 0.005
36 17_36 (6) 2 :  0.001 0.044 0.270 0.002 0.000 0.682
37 18_37 (13) 2 :  0.001 0.002 0.438 0.001 0.000 0.558
38 19_38 (13) 2 :  0.000 0.000 0.910 0.000 0.000 0.090
39 21_39 (6) 2 :  0.003 0.564 0.179 0.000 0.000 0.253
40 22_40 (0) 2 :  0.000 0.001 0.473 0.000 0.000 0.526
41 24_41 (0) 2 :  0.001 0.000 0.924 0.000 0.000 0.076
42 25_42 (6) 2 :  0.000 0.003 0.994 0.000 0.000 0.001
43 26_43 (20) 2 :  0.001 0.008 0.853 0.000 0.000 0.138
44 27_44 (0) 2 :  0.000 0.000 0.939 0.000 0.000 0.061
45 28_45 (0) 2 :  0.000 0.000 0.999 0.000 0.000 0.001
46 30_46 (0) 2 :  0.000 0.000 0.968 0.000 0.000 0.032
47 31_47 (0) 2 :  0.000 0.002 0.974 0.000 0.000 0.024
48 32_48 (13) 2 :  0.000 0.001 0.196 0.006 0.005 0.793
49 33_49 (0) 2 :  0.000 0.000 0.931 0.000 0.000 0.069
50 36_50 (6) 2 :  0.000 0.000 0.992 0.000 0.000 0.008
51 37_51 (0) 2 :  0.000 0.000 0.058 0.000 0.000 0.942
52 38_52 (0) 2 :  0.000 0.003 0.696 0.003 0.000 0.298
53 39_53 (13) 2 :  0.005 0.006 0.539 0.000 0.000 0.449
54 41_54 (0) 2 :  0.000 0.023 0.498 0.000 0.000 0.479
55 45_55 (0) 2 :  0.047 0.003 0.866 0.000 0.000 0.084
56 46_56 (0) 2 :  0.000 0.000 0.986 0.000 0.000 0.013
57 47_57 (6) 2 :  0.000 0.000 0.891 0.000 0.000 0.109
58 1_58 (6) 3 :  0.000 0.000 1.000 0.000 0.000 0.000
59 2_59 (13) 3 :  0.008 0.908 0.065 0.009 0.001 0.010
60 3_60 (13) 3 :  0.000 0.000 0.601 0.000 0.000 0.398
61 5_61 (6) 3 :  0.000 0.002 0.982 0.000 0.000 0.016
62 7_62 (13) 3 :  0.000 0.018 0.932 0.000 0.000 0.050
63 9_63 (13) 3 :  0.076 0.000 0.391 0.000 0.000 0.534
64 10_64 (13) 3 :  0.000 0.000 0.987 0.000 0.000 0.013
65 11_65 (46) 3 :  0.015 0.000 0.958 0.001 0.001 0.025
66 14_66 (80) 3 :  0.060 0.107 0.545 0.001 0.000 0.286
67 15_67 (6) 3 :  0.000 0.000 0.966 0.000 0.000 0.034
68 16_68 (20) 3 :  0.000 0.000 0.698 0.000 0.000 0.302
69 17_69 (73) 3 :  0.040 0.131 0.179 0.022 0.159 0.469
70 18_70 (20) 3 :  0.001 0.030 0.864 0.000 0.001 0.104
71 20_71 (20) 3 :  0.015 0.146 0.437 0.000 0.000 0.401
72 21_72 (13) 3 :  0.000 0.000 1.000 0.000 0.000 0.000
73 22_73 (6) 3 :  0.012 0.024 0.947 0.000 0.000 0.017
74 23_74 (6) 3 :  0.000 0.005 0.937 0.000 0.000 0.057
75 24_75 (13) 3 :  0.000 0.000 0.999 0.000 0.000 0.001
76 25_76 (26) 3 :  0.001 0.003 0.742 0.000 0.000 0.253
77 26_77 (53) 3 :  0.515 0.005 0.001 0.000 0.000 0.479
78 27_78 (26) 3 :  0.001 0.002 0.936 0.000 0.000 0.062
79 28_79 (20) 3 :  0.042 0.014 0.459 0.000 0.004 0.481
80 29_80 (13) 3 :  0.000 0.000 0.994 0.000 0.000 0.006
81 30_81 (13) 3 :  0.000 0.000 0.991 0.000 0.000 0.009
82 31_82 (6) 3 :  0.000 0.003 0.995 0.000 0.000 0.002
83 32_83 (20) 3 :  0.000 0.000 1.000 0.000 0.000 0.000
84 33_84 (26) 3 :  0.088 0.001 0.419 0.000 0.000 0.491
85 34_85 (46) 3 :  0.019 0.112 0.140 0.043 0.003 0.682
86 36_86 (73) 3 :  0.006 0.106 0.133 0.472 0.243 0.041
87 38_87 (26) 3 :  0.013 0.002 0.977 0.000 0.000 0.007
88 39_88 (60) 3 :  0.261 0.005 0.004 0.000 0.002 0.728
89 40_89 (33) 3 :  0.000 0.000 0.995 0.000 0.000 0.004
90 41_90 (73) 3 :  0.001 0.002 0.985 0.000 0.000 0.013
91 42_91 (6) 3 :  0.002 0.001 0.890 0.037 0.000 0.070
92 43_92 (13) 3 :  0.000 0.001 0.977 0.000 0.000 0.022
93 44_93 (33) 3 :  0.327 0.090 0.261 0.008 0.113 0.200
94 46_94 (86) 3 :  0.026 0.067 0.009 0.059 0.820 0.018
95 47_95 (26) 3 :  0.238 0.181 0.023 0.499 0.031 0.028
96 48_96 (33) 3 :  0.000 0.000 0.998 0.000 0.000 0.003
97 50_97 (6) 3 :  0.000 0.002 0.784 0.000 0.000 0.213
98 52_98 (0) 3 :  0.000 0.002 0.996 0.000 0.000 0.002
99 54_99 (26) 3 :  0.556 0.074 0.332 0.010 0.009 0.019
100 55_100 (13) 3 :  0.000 0.000 1.000 0.000 0.000 0.000
101 56_101 (0) 3 :  0.000 0.000 0.981 0.000 0.000 0.019
102 57_102 (13) 3 :  0.000 0.000 0.994 0.000 0.000 0.006
103 58_103 (6) 3 :  0.022 0.109 0.853 0.000 0.000 0.016
104 59_104 (6) 3 :  0.000 0.000 1.000 0.000 0.000 0.000
105 60_105 (0) 3 :  0.000 0.000 0.995 0.000 0.000 0.005
106 63_106 (0) 3 :  0.000 0.000 1.000 0.000 0.000 0.000
107 64_107 (0) 3 :  0.000 0.000 1.000 0.000 0.000 0.000
108 65_108 (0) 3 :  0.000 0.000 0.972 0.000 0.000 0.028
109 66_109 (6) 3 :  0.001 0.014 0.984 0.000 0.000 0.001
110 67_110 (6) 3 :  0.000 0.001 0.933 0.000 0.000 0.066
111 69_111 (0) 3 :  0.000 0.000 0.963 0.000 0.000 0.037
112 73_112 (20) 3 :  0.001 0.000 0.982 0.001 0.000 0.016
113 76_113 (6) 3 :  0.000 0.000 0.995 0.000 0.000 0.005
114 78_114 (20) 3 :  0.000 0.000 0.998 0.000 0.000 0.002
115 80_115 (6) 3 :  0.026 0.822 0.149 0.000 0.000 0.003
116 81_116 (0) 3 :  0.000 0.000 0.997 0.000 0.000 0.003
117 82_117 (93) 3 :  0.169 0.303 0.190 0.122 0.108 0.108
118 83_118 (6) 3 :  0.000 0.000 1.000 0.000 0.000 0.000
119 84_119 (6) 3 :  0.023 0.086 0.872 0.003 0.000 0.017
120 85_120 (26) 3 :  0.000 0.000 0.999 0.000 0.000 0.001
121 86_121 (6) 3 :  0.093 0.028 0.770 0.000 0.000 0.109
122 87_122 (0) 3 :  0.015 0.157 0.793 0.000 0.000 0.035
123 88_123 (6) 3 :  0.011 0.004 0.026 0.852 0.000 0.107
124 1_124 (33) 4 :  0.047 0.035 0.494 0.002 0.194 0.228
125 3_125 (0) 4 :  0.003 0.238 0.001 0.723 0.028 0.008
126 5_126 (6) 4 :  0.000 0.001 0.984 0.000 0.000 0.015
127 8_127 (13) 4 :  0.011 0.006 0.000 0.029 0.000 0.953
128 9_128 (13) 4 :  0.001 0.003 0.989 0.000 0.000 0.008
129 10_129 (13) 4 :  0.091 0.107 0.002 0.002 0.026 0.772
130 11_130 (6) 4 :  0.000 0.002 0.987 0.000 0.000 0.010
131 12_131 (0) 4 :  0.000 0.110 0.222 0.000 0.118 0.550
132 13_132 (6) 4 :  0.000 0.000 0.998 0.000 0.000 0.002
133 15_133 (13) 4 :  0.000 0.000 0.807 0.000 0.000 0.193
134 16_134 (6) 4 :  0.000 0.000 1.000 0.000 0.000 0.000
135 18_135 (0) 4 :  0.000 0.000 0.997 0.000 0.000 0.003
136 19_136 (6) 4 :  0.504 0.351 0.127 0.000 0.001 0.017
137 20_137 (0) 4 :  0.000 0.001 0.999 0.000 0.000 0.000
138 21_138 (0) 4 :  0.000 0.003 0.841 0.000 0.000 0.156
139 22_139 (0) 4 :  0.001 0.000 0.999 0.000 0.000 0.000
140 23_140 (0) 4 :  0.000 0.000 0.997 0.000 0.000 0.003
141 24_141 (6) 4 :  0.027 0.770 0.149 0.002 0.031 0.021
142 25_142 (6) 4 :  0.000 0.000 1.000 0.000 0.000 0.000
143 26_143 (0) 4 :  0.001 0.024 0.903 0.000 0.000 0.071
144 27_144 (0) 4 :  0.000 0.000 0.980 0.000 0.000 0.020
145 28_145 (0) 4 :  0.001 0.001 0.135 0.001 0.000 0.862
146 29_146 (0) 4 :  0.003 0.017 0.015 0.611 0.311 0.043
147 30_147 (0) 4 :  0.000 0.001 0.994 0.000 0.000 0.005
148 31_148 (0) 4 :  0.000 0.000 0.998 0.000 0.000 0.002
149 32_149 (0) 4 :  0.000 0.000 0.969 0.000 0.001 0.030
150 33_150 (0) 4 :  0.000 0.000 0.013 0.000 0.000 0.987
151 34_151 (6) 4 :  0.000 0.000 0.980 0.000 0.000 0.020
152 35_152 (6) 4 :  0.000 0.024 0.000 0.191 0.783 0.002
153 36_153 (0) 4 :  0.008 0.970 0.002 0.004 0.010 0.006
154 37_154 (0) 4 :  0.000 0.001 0.957 0.000 0.000 0.042
155 38_155 (6) 4 :  0.000 0.000 0.999 0.000 0.000 0.001
156 39_156 (0) 4 :  0.001 0.004 0.853 0.000 0.000 0.142
157 41_157 (6) 4 :  0.001 0.006 0.948 0.000 0.000 0.044
158 42_158 (0) 4 :  0.000 0.001 0.066 0.000 0.775 0.157
159 44_159 (6) 4 :  0.000 0.063 0.868 0.000 0.000 0.068
160 46_160 (6) 4 :  0.000 0.001 0.993 0.000 0.000 0.005
161 47_161 (0) 4 :  0.001 0.001 0.757 0.000 0.001 0.240
162 50_162 (6) 4 :  0.070 0.063 0.705 0.000 0.000 0.162
163 51_163 (0) 4 :  0.000 0.000 1.000 0.000 0.000 0.000
164 53_164 (0) 4 :  0.758 0.035 0.164 0.000 0.044 0.000
165 54_165 (0) 4 :  0.000 0.000 0.991 0.000 0.000 0.009
166 55_166 (6) 4 :  0.000 0.000 0.991 0.000 0.000 0.009
167 56_167 (0) 4 :  0.000 0.219 0.204 0.004 0.432 0.140
168 57_168 (0) 4 :  0.000 0.000 0.986 0.000 0.000 0.014
169 58_169 (0) 4 :  0.000 0.001 0.999 0.000 0.000 0.000
170 59_170 (0) 4 :  0.001 0.000 0.969 0.000 0.000 0.029
171 60_171 (0) 4 :  0.000 0.000 0.997 0.000 0.000 0.003
172 61_172 (0) 4 :  0.001 0.001 0.898 0.000 0.000 0.101
173 62_173 (0) 4 :  0.000 0.000 0.911 0.000 0.000 0.089
174 63_174 (0) 4 :  0.000 0.000 0.018 0.000 0.014 0.968
175 64_175 (0) 4 :  0.000 0.000 0.997 0.000 0.000 0.003
176 1_176 (0) 5 :  0.000 0.000 0.996 0.000 0.000 0.004
177 2_177 (0) 5 :  0.069 0.003 0.231 0.011 0.000 0.685
178 4_178 (6) 5 :  0.013 0.008 0.129 0.000 0.000 0.850
179 5_179 (13) 5 :  0.000 0.000 0.997 0.000 0.000 0.003
180 8_180 (0) 5 :  0.001 0.003 0.782 0.000 0.001 0.213
181 9_181 (0) 5 :  0.167 0.185 0.545 0.012 0.027 0.064
182 11_182 (0) 5 :  0.181 0.005 0.766 0.001 0.013 0.034
183 13_183 (0) 5 :  0.000 0.000 0.969 0.000 0.000 0.031
184 15_184 (0) 5 :  0.000 0.000 0.910 0.000 0.000 0.090
185 17_185 (0) 5 :  0.000 0.000 0.999 0.000 0.000 0.001
186 18_186 (0) 5 :  0.000 0.000 0.998 0.000 0.000 0.002
187 19_187 (0) 5 :  0.000 0.000 0.995 0.000 0.000 0.005
188 20_188 (0) 5 :  0.043 0.540 0.001 0.000 0.260 0.157
189 21_189 (0) 5 :  0.006 0.807 0.004 0.001 0.180 0.001
190 22_190 (6) 5 :  0.020 0.010 0.000 0.001 0.953 0.015
191 23_191 (0) 5 :  0.000 0.000 0.988 0.000 0.000 0.012
192 25_192 (0) 5 :  0.165 0.560 0.235 0.000 0.000 0.039
193 26_193 (0) 5 :  0.000 0.000 0.996 0.000 0.000 0.003
194 29_194 (13) 5 :  0.001 0.005 0.990 0.000 0.000 0.005
195 30_195 (0) 5 :  0.000 0.000 0.013 0.000 0.000 0.987
196 31_196 (0) 5 :  0.000 0.000 0.992 0.000 0.000 0.008
197 32_197 (0) 5 :  0.002 0.000 0.101 0.000 0.000 0.897
198 33_198 (6) 5 :  0.000 0.000 0.997 0.000 0.000 0.003
199 34_199 (0) 5 :  0.000 0.004 0.004 0.000 0.000 0.992
200 35_200 (0) 5 :  0.000 0.000 0.996 0.000 0.000 0.004
201 36_201 (0) 5 :  0.000 0.019 0.974 0.000 0.000 0.007
202 38_202 (0) 5 :  0.000 0.000 0.999 0.000 0.000 0.000
203 39_203 (13) 5 :  0.000 0.000 0.832 0.000 0.006 0.162
204 40_204 (0) 5 :  0.000 0.001 0.634 0.000 0.000 0.365
205 41_205 (6) 5 :  0.033 0.108 0.680 0.019 0.150 0.010
206 42_206 (0) 5 :  0.000 0.000 0.350 0.000 0.000 0.650
207 43_207 (6) 5 :  0.000 0.000 0.889 0.000 0.000 0.111
208 44_208 (6) 5 :  0.000 0.297 0.336 0.001 0.031 0.335
209 46_209 (0) 5 :  0.000 0.001 0.939 0.000 0.000 0.060
210 47_210 (0) 5 :  0.000 0.004 0.996 0.000 0.000 0.000
211 49_211 (6) 5 :  0.001 0.230 0.550 0.000 0.000 0.220
212 50_212 (6) 5 :  0.000 0.000 0.826 0.000 0.000 0.174
213 51_213 (6) 5 :  0.000 0.018 0.848 0.000 0.037 0.097
214 53_214 (0) 5 :  0.000 0.004 0.000 0.022 0.968 0.006
215 54_215 (0) 5 :  0.000 0.000 1.000 0.000 0.000 0.000
216 55_216 (0) 5 :  0.009 0.000 0.343 0.000 0.000 0.648
217 56_217 (0) 5 :  0.000 0.000 0.988 0.000 0.000 0.011
218 57_218 (6) 5 :  0.000 0.000 0.910 0.000 0.000 0.089
219 58_219 (0) 5 :  0.000 0.000 0.998 0.000 0.000 0.002
220 59_220 (6) 5 :  0.000 0.002 0.986 0.000 0.000 0.012
221 60_221 (0) 5 :  0.002 0.008 0.396 0.002 0.208 0.383
222 61_222 (0) 5 :  0.000 0.000 0.004 0.001 0.993 0.001
223 62_223 (6) 5 :  0.090 0.000 0.543 0.000 0.000 0.367
224 63_224 (6) 5 :  0.000 0.000 0.996 0.000 0.000 0.004
225 65_225 (0) 5 :  0.002 0.032 0.041 0.003 0.921 0.001
226 66_226 (0) 5 :  0.000 0.000 0.998 0.000 0.000 0.002
227 67_227 (13) 5 :  0.028 0.002 0.765 0.000 0.000 0.205
228 68_228 (0) 5 :  0.004 0.005 0.541 0.000 0.002 0.449
229 71_229 (13) 5 :  0.000 0.004 0.978 0.000 0.000 0.018
230 72_230 (0) 5 :  0.002 0.004 0.987 0.000 0.000 0.007
231 73_231 (6) 5 :  0.031 0.035 0.662 0.000 0.000 0.271
232 74_232 (13) 5 :  0.007 0.641 0.004 0.103 0.001 0.243
233 75_233 (0) 5 :  0.009 0.005 0.046 0.016 0.873 0.051
234 76_234 (6) 5 :  0.001 0.005 0.969 0.000 0.013 0.013
235 77_235 (0) 5 :  0.000 0.000 0.831 0.000 0.000 0.168
236 79_236 (0) 5 :  0.000 0.001 0.017 0.004 0.949 0.029
237 80_237 (0) 5 :  0.000 0.000 0.923 0.000 0.000 0.077
238 81_238 (13) 5 :  0.000 0.000 0.997 0.000 0.000 0.003
239 82_239 (0) 5 :  0.705 0.120 0.088 0.004 0.006 0.076
240 83_240 (13) 5 :  0.013 0.000 0.811 0.000 0.000 0.175
241 86_241 (0) 5 :  0.005 0.001 0.972 0.000 0.000 0.022
242 87_242 (20) 5 :  0.000 0.000 0.998 0.000 0.000 0.002
243 88_243 (13) 5 :  0.000 0.000 0.951 0.000 0.000 0.050
244 89_244 (13) 5 :  0.000 0.000 1.000 0.000 0.000 0.000
245 90_245 (20) 5 :  0.000 0.000 0.952 0.000 0.000 0.047
246 92_246 (0) 5 :  0.000 0.000 0.920 0.000 0.000 0.080
247 1_247 (20) 6 :  0.008 0.012 0.969 0.000 0.001 0.010
248 2_248 (13) 6 :  0.000 0.000 0.796 0.000 0.000 0.204
249 3_249 (20) 6 :  0.057 0.769 0.012 0.002 0.001 0.159
250 4_250 (0) 6 :  0.000 0.000 1.000 0.000 0.000 0.000
251 5_251 (20) 6 :  0.000 0.000 0.998 0.000 0.000 0.002
252 6_252 (6) 6 :  0.000 0.002 0.988 0.000 0.000 0.008
253 7_253 (26) 6 :  0.001 0.000 0.910 0.000 0.000 0.089
254 9_254 (0) 6 :  0.000 0.000 0.999 0.000 0.000 0.001
255 10_255 (0) 6 :  0.003 0.002 0.874 0.000 0.000 0.121
256 11_256 (6) 6 :  0.000 0.000 1.000 0.000 0.000 0.000
257 12_257 (13) 6 :  0.000 0.000 1.000 0.000 0.000 0.000
258 13_258 (6) 6 :  0.000 0.003 0.691 0.000 0.000 0.306
259 14_259 (0) 6 :  0.000 0.000 0.997 0.000 0.000 0.003
260 16_260 (13) 6 :  0.008 0.012 0.767 0.010 0.000 0.203
261 17_261 (20) 6 :  0.000 0.000 0.977 0.000 0.000 0.023
262 18_262 (20) 6 :  0.000 0.000 1.000 0.000 0.000 0.000
263 19_263 (20) 6 :  0.000 0.002 0.968 0.000 0.000 0.030
264 20_264 (33) 6 :  0.000 0.000 0.990 0.001 0.001 0.009
265 21_265 (20) 6 :  0.000 0.005 0.993 0.000 0.000 0.001
266 22_266 (20) 6 :  0.005 0.001 0.639 0.000 0.000 0.354
267 23_267 (40) 6 :  0.000 0.000 0.996 0.000 0.000 0.004
268 24_268 (33) 6 :  0.000 0.004 0.445 0.005 0.003 0.543
269 25_269 (13) 6 :  0.000 0.000 0.924 0.000 0.000 0.076
270 26_270 (13) 6 :  0.000 0.000 0.999 0.000 0.000 0.001
271 27_271 (26) 6 :  0.000 0.000 0.992 0.000 0.000 0.007
272 28_272 (13) 6 :  0.000 0.000 0.996 0.000 0.000 0.004
273 29_273 (6) 6 :  0.000 0.000 1.000 0.000 0.000 0.000
274 30_274 (13) 6 :  0.000 0.004 0.684 0.000 0.000 0.312
275 31_275 (13) 6 :  0.000 0.000 1.000 0.000 0.000 0.000
276 32_276 (13) 6 :  0.000 0.000 0.989 0.000 0.000 0.010
277 33_277 (20) 6 :  0.011 0.296 0.434 0.007 0.001 0.252
278 34_278 (0) 6 :  0.000 0.000 0.995 0.000 0.000 0.005
279 35_279 (6) 6 :  0.000 0.000 1.000 0.000 0.000 0.000
280 36_280 (6) 6 :  0.000 0.000 0.671 0.000 0.000 0.328
281 37_281 (6) 6 :  0.000 0.000 0.973 0.000 0.000 0.027
282 38_282 (6) 6 :  0.000 0.001 0.973 0.000 0.000 0.027
283 39_283 (0) 6 :  0.008 0.000 0.678 0.000 0.000 0.313
284 40_284 (13) 6 :  0.000 0.000 0.997 0.000 0.000 0.003
285 41_285 (0) 6 :  0.000 0.000 0.935 0.000 0.000 0.065
286 42_286 (40) 6 :  0.000 0.000 0.996 0.000 0.000 0.004
287 43_287 (6) 6 :  0.000 0.000 1.000 0.000 0.000 0.000
288 44_288 (33) 6 :  0.000 0.000 1.000 0.000 0.000 0.000
289 45_289 (6) 6 :  0.007 0.040 0.777 0.000 0.000 0.175
290 46_290 (20) 6 :  0.001 0.000 0.798 0.000 0.000 0.201
291 47_291 (13) 6 :  0.042 0.145 0.610 0.000 0.001 0.202
292 48_292 (40) 6 :  0.000 0.000 0.993 0.000 0.000 0.007
293 1_293 (20) 7 :  0.006 0.026 0.956 0.000 0.000 0.012
294 2_294 (6) 7 :  0.000 0.000 0.999 0.000 0.000 0.001
295 3_295 (6) 7 :  0.000 0.000 0.934 0.000 0.000 0.066
296 4_296 (6) 7 :  0.000 0.000 0.996 0.000 0.000 0.004
297 6_297 (0) 7 :  0.000 0.000 0.980 0.000 0.000 0.020
298 7_298 (6) 7 :  0.000 0.000 0.999 0.000 0.000 0.001
299 8_299 (20) 7 :  0.003 0.000 0.589 0.000 0.000 0.407
300 9_300 (26) 7 :  0.000 0.000 0.987 0.000 0.000 0.013
301 10_301 (13) 7 :  0.000 0.000 0.987 0.000 0.001 0.011
302 11_302 (0) 7 :  0.000 0.002 0.116 0.000 0.000 0.882
303 13_303 (6) 7 :  0.000 0.000 1.000 0.000 0.000 0.000
304 14_304 (6) 7 :  0.000 0.002 0.975 0.003 0.001 0.020
305 15_305 (6) 7 :  0.001 0.001 0.239 0.000 0.000 0.758
306 16_306 (6) 7 :  0.000 0.000 0.797 0.000 0.000 0.203
307 17_307 (6) 7 :  0.023 0.157 0.708 0.000 0.000 0.112
308 18_308 (13) 7 :  0.000 0.000 0.988 0.000 0.000 0.012
309 19_309 (0) 7 :  0.001 0.005 0.537 0.034 0.266 0.157
310 20_310 (6) 7 :  0.000 0.000 0.996 0.000 0.000 0.004
311 21_311 (0) 7 :  0.000 0.000 0.962 0.000 0.000 0.038
312 22_312 (6) 7 :  0.000 0.000 0.998 0.000 0.000 0.002
313 23_313 (13) 7 :  0.000 0.016 0.767 0.001 0.000 0.217
314 24_314 (6) 7 :  0.000 0.000 0.996 0.000 0.000 0.003
315 25_315 (13) 7 :  0.000 0.000 0.954 0.000 0.000 0.046
316 26_316 (0) 7 :  0.002 0.088 0.017 0.000 0.000 0.893
317 27_317 (0) 7 :  0.000 0.000 0.988 0.000 0.000 0.012
318 28_318 (0) 7 :  0.000 0.000 0.155 0.000 0.000 0.845
319 29_319 (0) 7 :  0.000 0.000 0.921 0.000 0.000 0.079
320 30_320 (0) 7 :  0.000 0.000 0.929 0.000 0.000 0.071
321 31_321 (6) 7 :  0.000 0.000 0.958 0.000 0.000 0.042
322 32_322 (0) 7 :  0.000 0.000 0.934 0.000 0.000 0.066
323 33_323 (6) 7 :  0.013 0.001 0.823 0.000 0.000 0.162
324 34_324 (0) 7 :  0.000 0.009 0.777 0.000 0.000 0.214
325 35_325 (0) 7 :  0.000 0.000 0.998 0.000 0.000 0.002
326 37_326 (6) 7 :  0.000 0.000 1.000 0.000 0.000 0.000
327 38_327 (6) 7 :  0.000 0.000 0.940 0.000 0.000 0.060
328 39_328 (0) 7 :  0.000 0.003 0.109 0.000 0.001 0.887
329 40_329 (26) 7 :  0.000 0.000 0.999 0.000 0.000 0.001
330 41_330 (0) 7 :  0.000 0.000 0.995 0.000 0.000 0.005
331 42_331 (0) 7 :  0.006 0.073 0.909 0.000 0.000 0.012
332 43_332 (0) 7 :  0.000 0.000 0.999 0.000 0.000 0.001
333 44_333 (0) 7 :  0.023 0.001 0.756 0.000 0.002 0.218
334 45_334 (0) 7 :  0.001 0.000 0.991 0.000 0.000 0.008
335 46_335 (6) 7 :  0.000 0.000 0.997 0.000 0.000 0.003
336 47_336 (6) 7 :  0.000 0.000 0.956 0.000 0.000 0.044
337 49_337 (6) 7 :  0.000 0.000 0.984 0.000 0.000 0.016
338 50_338 (13) 7 :  0.000 0.000 1.000 0.000 0.000 0.000
339 51_339 (20) 7 :  0.003 0.004 0.816 0.000 0.002 0.176
340 52_340 (6) 7 :  0.000 0.000 0.993 0.000 0.000 0.007
341 53_341 (0) 7 :  0.000 0.000 0.993 0.000 0.000 0.007
342 54_342 (0) 7 :  0.000 0.004 0.805 0.000 0.000 0.190
343 55_343 (6) 7 :  0.000 0.011 0.878 0.000 0.000 0.112
344 56_344 (0) 7 :  0.000 0.000 0.564 0.000 0.000 0.436
345 57_345 (33) 7 :  0.015 0.006 0.944 0.001 0.000 0.033
346 58_346 (0) 7 :  0.000 0.000 0.970 0.000 0.000 0.030
347 59_347 (0) 7 :  0.000 0.001 0.824 0.000 0.000 0.176
348 61_348 (0) 7 :  0.000 0.000 0.987 0.000 0.000 0.013
349 62_349 (0) 7 :  0.000 0.004 0.019 0.000 0.001 0.976
350 64_350 (6) 7 :  0.000 0.002 0.550 0.040 0.374 0.033
351 1_351 (6) 8 :  0.000 0.000 0.991 0.000 0.000 0.009
352 2_352 (0) 8 :  0.012 0.006 0.974 0.000 0.000 0.007
353 3_353 (0) 8 :  0.000 0.000 0.933 0.000 0.000 0.067
354 4_354 (13) 8 :  0.000 0.000 0.999 0.000 0.000 0.001
355 5_355 (0) 8 :  0.000 0.000 1.000 0.000 0.000 0.000
356 6_356 (6) 8 :  0.000 0.000 0.958 0.000 0.000 0.042
357 7_357 (0) 8 :  0.000 0.005 0.731 0.000 0.000 0.264
358 8_358 (13) 8 :  0.001 0.981 0.001 0.004 0.001 0.012
359 9_359 (6) 8 :  0.000 0.002 0.003 0.009 0.841 0.144
360 10_360 (0) 8 :  0.000 0.000 0.250 0.000 0.000 0.749
361 11_361 (6) 8 :  0.000 0.000 1.000 0.000 0.000 0.000
362 12_362 (0) 8 :  0.000 0.000 0.945 0.000 0.000 0.055
363 13_363 (0) 8 :  0.000 0.000 0.996 0.000 0.000 0.004
364 14_364 (0) 8 :  0.024 0.124 0.607 0.005 0.012 0.227
365 15_365 (0) 8 :  0.000 0.000 0.781 0.000 0.000 0.219
366 17_366 (33) 8 :  0.002 0.038 0.894 0.000 0.000 0.065
367 18_367 (0) 8 :  0.000 0.000 1.000 0.000 0.000 0.000
368 19_368 (0) 8 :  0.000 0.000 0.994 0.000 0.000 0.006
369 23_369 (0) 8 :  0.000 0.000 0.435 0.000 0.000 0.565
370 24_370 (0) 8 :  0.000 0.000 0.961 0.000 0.000 0.039
371 25_371 (0) 8 :  0.000 0.000 0.978 0.000 0.000 0.021
372 26_372 (6) 8 :  0.000 0.000 1.000 0.000 0.000 0.000
373 27_373 (6) 8 :  0.032 0.043 0.908 0.000 0.000 0.016
374 28_374 (0) 8 :  0.001 0.000 0.981 0.000 0.000 0.019
375 29_375 (0) 8 :  0.000 0.000 0.982 0.000 0.000 0.018
376 30_376 (6) 8 :  0.001 0.002 0.799 0.000 0.145 0.054
377 31_377 (0) 8 :  0.000 0.001 0.911 0.000 0.000 0.088
378 32_378 (0) 8 :  0.000 0.000 1.000 0.000 0.000 0.000
379 33_379 (6) 8 :  0.000 0.000 0.999 0.000 0.000 0.001
380 34_380 (13) 8 :  0.004 0.034 0.934 0.000 0.003 0.026
381 35_381 (0) 8 :  0.000 0.000 0.809 0.000 0.000 0.191
382 36_382 (0) 8 :  0.000 0.000 0.970 0.000 0.000 0.030
383 39_383 (0) 8 :  0.000 0.001 0.998 0.000 0.000 0.001
384 40_384 (0) 8 :  0.000 0.000 0.999 0.000 0.000 0.001
385 41_385 (0) 8 :  0.000 0.000 0.907 0.000 0.000 0.093
386 44_386 (53) 8 :  0.015 0.007 0.014 0.403 0.512 0.049
387 45_387 (20) 8 :  0.004 0.001 0.877 0.000 0.000 0.118
388 46_388 (40) 8 :  0.000 0.000 0.960 0.000 0.000 0.040
389 47_389 (6) 8 :  0.000 0.000 0.684 0.000 0.000 0.315
390 48_390 (13) 8 :  0.000 0.000 0.988 0.000 0.000 0.012
391 49_391 (13) 8 :  0.000 0.000 0.834 0.000 0.023 0.143
392 50_392 (6) 8 :  0.000 0.000 0.999 0.000 0.000 0.001
393 51_393 (13) 8 :  0.000 0.000 0.999 0.000 0.000 0.000
394 52_394 (0) 8 :  0.000 0.000 0.998 0.000 0.000 0.002
395 53_395 (20) 8 :  0.000 0.000 0.967 0.000 0.000 0.033
396 54_396 (20) 8 :  0.001 0.681 0.115 0.193 0.003 0.007
397 55_397 (46) 8 :  0.008 0.007 0.946 0.000 0.000 0.039
398 56_398 (13) 8 :  0.000 0.000 0.999 0.000 0.000 0.001
399 57_399 (6) 8 :  0.003 0.000 0.084 0.000 0.000 0.913
400 62_400 (26) 8 :  0.056 0.129 0.714 0.088 0.004 0.009
401 64_401 (33) 8 :  0.303 0.117 0.220 0.001 0.000 0.358
402 65_402 (0) 8 :  0.000 0.000 0.999 0.000 0.000 0.001
403 67_403 (0) 8 :  0.000 0.000 0.999 0.000 0.000 0.001
404 68_404 (0) 8 :  0.000 0.000 0.999 0.000 0.000 0.001
405 69_405 (0) 8 :  0.000 0.000 0.998 0.000 0.000 0.002
406 70_406 (0) 8 :  0.000 0.000 0.955 0.000 0.000 0.044
407 71_407 (6) 8 :  0.000 0.000 0.428 0.000 0.000 0.572
408 72_408 (0) 8 :  0.000 0.000 0.743 0.000 0.000 0.256
409 2_409 (6) 9 :  0.000 0.000 0.998 0.000 0.000 0.001
410 3_410 (33) 9 :  0.099 0.054 0.139 0.155 0.001 0.552
411 4_411 (6) 9 :  0.000 0.004 0.927 0.000 0.002 0.067
412 5_412 (6) 9 :  0.000 0.001 0.998 0.000 0.000 0.002
413 6_413 (6) 9 :  0.000 0.000 0.952 0.000 0.000 0.047
414 7_414 (53) 9 :  0.034 0.043 0.722 0.003 0.001 0.196
415 10_415 (6) 9 :  0.000 0.000 0.978 0.000 0.000 0.022
416 11_416 (6) 9 :  0.000 0.003 0.954 0.000 0.000 0.042
417 13_417 (6) 9 :  0.000 0.006 0.900 0.000 0.000 0.093
418 16_418 (6) 9 :  0.008 0.008 0.923 0.014 0.007 0.040
419 17_419 (6) 9 :  0.000 0.018 0.801 0.003 0.000 0.178
420 19_420 (46) 9 :  0.011 0.348 0.507 0.001 0.004 0.129
421 25_421 (6) 9 :  0.164 0.819 0.015 0.000 0.001 0.000
422 27_422 (6) 9 :  0.000 0.004 0.975 0.000 0.003 0.019
423 28_423 (0) 9 :  0.000 0.022 0.226 0.004 0.001 0.746
424 30_424 (0) 9 :  0.000 0.001 0.750 0.000 0.000 0.249
425 34_425 (0) 9 :  0.000 0.000 0.996 0.000 0.000 0.004
426 37_426 (13) 9 :  0.000 0.000 0.988 0.000 0.000 0.012
427 38_427 (6) 9 :  0.000 0.000 0.985 0.000 0.000 0.015
428 40_428 (46) 9 :  0.021 0.048 0.742 0.002 0.000 0.187
429 42_429 (20) 9 :  0.000 0.001 0.995 0.000 0.000 0.005
430 43_430 (6) 9 :  0.000 0.000 0.992 0.000 0.000 0.008
431 45_431 (6) 9 :  0.000 0.001 0.992 0.000 0.000 0.006
432 46_432 (20) 9 :  0.006 0.011 0.939 0.002 0.001 0.041
433 47_433 (6) 9 :  0.002 0.007 0.602 0.000 0.000 0.388
434 48_434 (26) 9 :  0.000 0.000 0.779 0.000 0.000 0.221
435 53_435 (6) 9 :  0.002 0.613 0.344 0.038 0.001 0.002
436 55_436 (6) 9 :  0.001 0.011 0.688 0.000 0.002 0.299
437 56_437 (20) 9 :  0.000 0.001 0.992 0.000 0.000 0.007
438 57_438 (13) 9 :  0.000 0.000 1.000 0.000 0.000 0.000
439 60_439 (0) 9 :  0.000 0.000 0.991 0.000 0.000 0.009
440 62_440 (26) 9 :  0.001 0.011 0.415 0.001 0.001 0.571
441 63_441 (13) 9 :  0.003 0.001 0.701 0.000 0.000 0.295
442 2_442 (6) 10 :  0.000 0.001 0.999 0.000 0.000 0.000
443 3_443 (6) 10 :  0.001 0.007 0.973 0.000 0.000 0.019
444 5_444 (0) 10 :  0.000 0.000 0.991 0.000 0.000 0.009
445 7_445 (6) 10 :  0.000 0.003 0.982 0.000 0.000 0.015
446 8_446 (33) 10 :  0.001 0.005 0.966 0.000 0.001 0.026
447 9_447 (0) 10 :  0.000 0.000 0.997 0.000 0.000 0.003
448 11_448 (6) 10 :  0.026 0.007 0.947 0.000 0.000 0.020
449 13_449 (20) 10 :  0.000 0.000 0.998 0.000 0.000 0.001
450 15_450 (6) 10 :  0.001 0.001 0.937 0.000 0.000 0.062
451 18_451 (6) 10 :  0.003 0.001 0.979 0.000 0.000 0.017
452 19_452 (0) 10 :  0.000 0.000 0.748 0.000 0.000 0.252
453 20_453 (6) 10 :  0.000 0.000 0.998 0.000 0.000 0.002
454 23_454 (6) 10 :  0.000 0.000 0.994 0.000 0.000 0.006
455 25_455 (0) 10 :  0.001 0.000 0.980 0.000 0.000 0.019
456 30_456 (6) 10 :  0.000 0.009 0.022 0.910 0.003 0.056
457 34_457 (26) 10 :  0.000 0.002 0.967 0.000 0.009 0.022
458 37_458 (0) 10 :  0.000 0.000 0.976 0.000 0.000 0.024
459 38_459 (26) 10 :  0.003 0.001 0.852 0.000 0.000 0.144
460 42_460 (20) 10 :  0.000 0.000 0.996 0.000 0.000 0.004
461 43_461 (0) 10 :  0.002 0.002 0.580 0.000 0.000 0.417
462 46_462 (13) 10 :  0.000 0.002 0.992 0.000 0.001 0.005
463 48_463 (13) 10 :  0.000 0.003 0.990 0.000 0.003 0.003
464 49_464 (0) 10 :  0.000 0.000 0.992 0.000 0.000 0.008
465 50_465 (6) 10 :  0.000 0.000 1.000 0.000 0.000 0.000
466 54_466 (0) 10 :  0.000 0.000 0.999 0.000 0.000 0.001
467 55_467 (40) 10 :  0.008 0.002 0.431 0.000 0.289 0.270
468 56_468 (6) 10 :  0.000 0.000 0.943 0.000 0.000 0.057
469 1_469 (0) 11 :  0.001 0.000 0.944 0.000 0.000 0.055
470 2_470 (0) 11 :  0.010 0.025 0.741 0.003 0.101 0.120
471 3_471 (0) 11 :  0.000 0.002 0.996 0.000 0.000 0.002
472 4_472 (0) 11 :  0.000 0.016 0.746 0.001 0.000 0.237
473 5_473 (0) 11 :  0.104 0.297 0.418 0.001 0.009 0.171
474 7_474 (0) 11 :  0.936 0.003 0.000 0.000 0.023 0.038
475 8_475 (0) 11 :  0.000 0.012 0.923 0.000 0.001 0.065
476 10_476 (6) 11 :  0.000 0.001 0.996 0.000 0.000 0.003
477 11_477 (0) 11 :  0.191 0.122 0.556 0.001 0.108 0.022
478 14_478 (0) 11 :  0.000 0.000 0.999 0.000 0.000 0.001
479 15_479 (0) 11 :  0.000 0.000 0.990 0.000 0.000 0.009
480 19_480 (0) 11 :  0.000 0.000 0.976 0.000 0.000 0.024
481 21_481 (0) 11 :  0.633 0.016 0.274 0.006 0.003 0.068
482 23_482 (0) 11 :  0.000 0.000 0.988 0.000 0.000 0.012
483 24_483 (6) 11 :  0.045 0.003 0.035 0.008 0.843 0.067
484 26_484 (0) 11 :  0.002 0.001 0.959 0.000 0.000 0.038
485 27_485 (0) 11 :  0.007 0.002 0.700 0.000 0.004 0.287
486 32_486 (0) 11 :  0.000 0.000 0.969 0.000 0.000 0.031
487 34_487 (0) 11 :  0.000 0.000 1.000 0.000 0.000 0.000
488 37_488 (0) 11 :  0.000 0.000 1.000 0.000 0.000 0.000
489 38_489 (0) 11 :  0.044 0.015 0.909 0.000 0.000 0.032
490 39_490 (0) 11 :  0.007 0.001 0.958 0.000 0.000 0.034
491 40_491 (0) 11 :  0.000 0.000 1.000 0.000 0.000 0.000
492 43_492 (6) 11 :  0.000 0.000 0.999 0.000 0.000 0.001
493 47_493 (0) 11 :  0.000 0.000 1.000 0.000 0.000 0.000
494 1_494 (6) 12 :  0.000 0.000 0.999 0.000 0.000 0.001
495 2_495 (6) 12 :  0.000 0.000 0.970 0.000 0.000 0.030
496 3_496 (0) 12 :  0.020 0.003 0.966 0.000 0.000 0.012
497 4_497 (13) 12 :  0.001 0.001 0.967 0.000 0.000 0.031
498 7_498 (0) 12 :  0.000 0.000 0.999 0.000 0.000 0.001
499 8_499 (13) 12 :  0.000 0.000 1.000 0.000 0.000 0.000
500 9_500 (20) 12 :  0.000 0.000 0.992 0.000 0.000 0.008
501 10_501 (13) 12 :  0.000 0.000 1.000 0.000 0.000 0.000
502 11_502 (6) 12 :  0.004 0.002 0.005 0.001 0.985 0.004
503 12_503 (6) 12 :  0.002 0.107 0.315 0.109 0.017 0.451
504 15_504 (13) 12 :  0.000 0.000 0.999 0.000 0.000 0.001
505 17_505 (6) 12 :  0.001 0.000 0.996 0.000 0.000 0.003
506 18_506 (6) 12 :  0.000 0.000 1.000 0.000 0.000 0.000
507 19_507 (6) 12 :  0.000 0.000 0.998 0.000 0.000 0.002
508 20_508 (13) 12 :  0.000 0.000 0.566 0.000 0.000 0.434
509 21_509 (6) 12 :  0.000 0.000 0.999 0.000 0.000 0.001
510 25_510 (6) 12 :  0.003 0.001 0.338 0.000 0.000 0.659
511 26_511 (0) 12 :  0.000 0.002 0.984 0.000 0.000 0.014
512 28_512 (6) 12 :  0.000 0.000 1.000 0.000 0.000 0.000
513 31_513 (13) 12 :  0.059 0.056 0.731 0.000 0.009 0.145
514 32_514 (13) 12 :  0.000 0.000 1.000 0.000 0.000 0.000
515 33_515 (13) 12 :  0.000 0.000 1.000 0.000 0.000 0.000
516 36_516 (6) 12 :  0.000 0.000 0.999 0.000 0.000 0.001
517 41_517 (6) 12 :  0.000 0.000 1.000 0.000 0.000 0.000
518 43_518 (6) 12 :  0.005 0.000 0.995 0.000 0.000 0.000
519 44_519 (33) 12 :  0.000 0.000 0.994 0.000 0.000 0.005
520 50_520 (0) 12 :  0.000 0.000 0.997 0.000 0.000 0.003
521 52_521 (60) 12 :  0.002 0.002 0.973 0.000 0.001 0.023
522 53_522 (20) 12 :  0.016 0.685 0.046 0.033 0.049 0.171
523 55_523 (26) 12 :  0.000 0.000 0.967 0.000 0.000 0.033
524 56_524 (6) 12 :  0.000 0.000 1.000 0.000 0.000 0.000
525 1_525 (0) 13 :  0.000 0.000 0.999 0.000 0.000 0.001
526 3_526 (6) 13 :  0.001 0.003 0.931 0.000 0.000 0.064
527 5_527 (6) 13 :  0.003 0.003 0.955 0.001 0.000 0.038
528 8_528 (13) 13 :  0.000 0.002 0.998 0.000 0.000 0.000
529 9_529 (6) 13 :  0.000 0.008 0.078 0.003 0.000 0.911
530 10_530 (6) 13 :  0.000 0.000 0.999 0.000 0.000 0.001
531 13_531 (6) 13 :  0.000 0.000 0.988 0.000 0.000 0.012
532 14_532 (0) 13 :  0.003 0.011 0.233 0.000 0.000 0.753
533 16_533 (6) 13 :  0.000 0.000 1.000 0.000 0.000 0.000
534 21_534 (0) 13 :  0.000 0.000 1.000 0.000 0.000 0.000
535 23_535 (6) 13 :  0.000 0.000 0.995 0.000 0.000 0.005
536 26_536 (0) 13 :  0.043 0.036 0.251 0.002 0.001 0.668
537 27_537 (0) 13 :  0.000 0.000 1.000 0.000 0.000 0.000
538 29_538 (13) 13 :  0.000 0.000 0.999 0.000 0.000 0.001
539 32_539 (0) 13 :  0.000 0.000 1.000 0.000 0.000 0.000
540 37_540 (0) 13 :  0.000 0.000 0.998 0.000 0.000 0.002
541 38_541 (0) 13 :  0.000 0.000 1.000 0.000 0.000 0.000
542 41_542 (6) 13 :  0.000 0.000 0.986 0.000 0.000 0.014
543 42_543 (0) 13 :  0.068 0.007 0.410 0.000 0.000 0.515
544 43_544 (0) 13 :  0.000 0.000 0.999 0.000 0.000 0.001
545 44_545 (0) 13 :  0.000 0.010 0.110 0.000 0.001 0.879
546 45_546 (0) 13 :  0.000 0.000 0.998 0.000 0.000 0.002
547 46_547 (0) 13 :  0.000 0.000 0.929 0.000 0.000 0.071
548 47_548 (0) 13 :  0.000 0.000 0.994 0.000 0.000 0.005
549 48_549 (0) 13 :  0.000 0.000 0.998 0.000 0.000 0.002
550 49_550 (6) 13 :  0.000 0.003 0.993 0.000 0.000 0.004
551 50_551 (0) 13 :  0.004 0.005 0.815 0.000 0.000 0.177
552 53_552 (6) 13 :  0.000 0.000 0.970 0.000 0.000 0.029
553 56_553 (6) 13 :  0.041 0.138 0.811 0.001 0.000 0.008
554 57_554 (0) 13 :  0.076 0.177 0.585 0.025 0.001 0.137
555 58_555 (0) 13 :  0.000 0.000 1.000 0.000 0.000 0.000
556 59_556 (0) 13 :  0.000 0.000 1.000 0.000 0.000 0.000
557 60_557 (6) 13 :  0.000 0.002 0.980 0.000 0.000 0.019
558 61_558 (0) 13 :  0.000 0.000 0.998 0.000 0.000 0.002
559 63_559 (6) 13 :  0.000 0.006 0.936 0.000 0.000 0.058
560 65_560 (6) 13 :  0.000 0.002 0.981 0.001 0.001 0.015
561 69_561 (0) 13 :  0.000 0.000 0.999 0.000 0.000 0.001
562 70_562 (6) 13 :  0.002 0.036 0.375 0.012 0.002 0.573
563 72_563 (0) 13 :  0.001 0.006 0.991 0.000 0.000 0.002
564 74_564 (0) 13 :  0.000 0.000 1.000 0.000 0.000 0.000
565 75_565 (6) 13 :  0.000 0.000 1.000 0.000 0.000 0.000
566 76_566 (6) 13 :  0.000 0.000 0.987 0.000 0.000 0.013
567 79_567 (0) 13 :  0.000 0.000 0.871 0.000 0.000 0.129
568 80_568 (6) 13 :  0.001 0.000 0.995 0.000 0.000 0.004
569 82_569 (0) 13 :  0.000 0.000 1.000 0.000 0.000 0.000
570 83_570 (0) 13 :  0.000 0.003 0.983 0.000 0.000 0.013
571 85_571 (6) 13 :  0.000 0.005 0.336 0.000 0.000 0.659
572 86_572 (0) 13 :  0.000 0.000 0.981 0.000 0.000 0.019
573 88_573 (6) 13 :  0.002 0.002 0.995 0.000 0.000 0.001
574 90_574 (0) 13 :  0.000 0.000 0.992 0.000 0.000 0.008
575 91_575 (0) 13 :  0.000 0.000 1.000 0.000 0.000 0.000
576 95_576 (0) 13 :  0.000 0.000 0.992 0.000 0.000 0.008
577 1_577 (0) 14 :  0.000 0.000 0.988 0.000 0.000 0.012
578 2_578 (6) 14 :  0.001 0.000 0.997 0.000 0.000 0.002
579 3_579 (0) 14 :  0.000 0.000 0.999 0.000 0.000 0.001
580 5_580 (0) 14 :  0.039 0.001 0.288 0.000 0.000 0.672
581 6_581 (0) 14 :  0.003 0.000 0.996 0.000 0.000 0.001
582 7_582 (0) 14 :  0.000 0.000 0.995 0.000 0.000 0.005
583 8_583 (13) 14 :  0.016 0.038 0.455 0.000 0.000 0.491
584 9_584 (6) 14 :  0.000 0.000 1.000 0.000 0.000 0.000
585 10_585 (0) 14 :  0.026 0.030 0.938 0.000 0.000 0.006
586 11_586 (13) 14 :  0.000 0.000 1.000 0.000 0.000 0.000
587 12_587 (0) 14 :  0.000 0.000 0.996 0.000 0.000 0.004
588 13_588 (0) 14 :  0.000 0.000 1.000 0.000 0.000 0.000
589 14_589 (0) 14 :  0.000 0.000 0.999 0.000 0.000 0.001
590 15_590 (0) 14 :  0.022 0.026 0.820 0.000 0.000 0.132
591 16_591 (6) 14 :  0.000 0.000 1.000 0.000 0.000 0.000
592 17_592 (0) 14 :  0.000 0.000 0.990 0.000 0.000 0.010
593 18_593 (13) 14 :  0.000 0.000 0.999 0.000 0.000 0.001
594 19_594 (0) 14 :  0.000 0.000 0.975 0.000 0.000 0.025
595 20_595 (6) 14 :  0.000 0.000 0.978 0.000 0.001 0.020
596 21_596 (20) 14 :  0.297 0.119 0.227 0.000 0.000 0.357
597 22_597 (0) 14 :  0.000 0.000 1.000 0.000 0.000 0.000
598 24_598 (0) 14 :  0.000 0.001 0.996 0.002 0.000 0.001
599 25_599 (6) 14 :  0.000 0.000 0.990 0.000 0.000 0.010
600 26_600 (0) 14 :  0.000 0.000 0.947 0.000 0.000 0.053
601 28_601 (13) 14 :  0.000 0.000 0.955 0.000 0.001 0.045
602 29_602 (0) 14 :  0.000 0.001 0.998 0.000 0.000 0.001
603 30_603 (0) 14 :  0.025 0.010 0.953 0.000 0.010 0.002
604 31_604 (20) 14 :  0.000 0.000 0.994 0.000 0.000 0.006
605 32_605 (0) 14 :  0.000 0.000 1.000 0.000 0.000 0.000
606 33_606 (6) 14 :  0.000 0.000 1.000 0.000 0.000 0.000
607 34_607 (0) 14 :  0.001 0.001 0.996 0.000 0.000 0.003
608 35_608 (6) 14 :  0.000 0.000 0.980 0.000 0.000 0.020
609 36_609 (20) 14 :  0.010 0.094 0.790 0.053 0.005 0.049
610 37_610 (6) 14 :  0.000 0.000 1.000 0.000 0.000 0.000
611 38_611 (6) 14 :  0.284 0.002 0.467 0.000 0.000 0.246
612 41_612 (0) 14 :  0.000 0.000 1.000 0.000 0.000 0.000
613 42_613 (0) 14 :  0.000 0.000 1.000 0.000 0.000 0.000
614 43_614 (0) 14 :  0.000 0.000 1.000 0.000 0.000 0.000
615 44_615 (0) 14 :  0.000 0.000 0.996 0.000 0.000 0.004
616 45_616 (6) 14 :  0.000 0.000 0.997 0.000 0.000 0.003
617 46_617 (6) 14 :  0.010 0.031 0.451 0.000 0.000 0.508
618 48_618 (6) 14 :  0.000 0.000 0.997 0.000 0.000 0.003
619 49_619 (0) 14 :  0.000 0.000 0.999 0.000 0.000 0.001
620 50_620 (13) 14 :  0.000 0.000 1.000 0.000 0.000 0.000
621 51_621 (6) 14 :  0.000 0.000 0.992 0.000 0.000 0.008
622 52_622 (13) 14 :  0.001 0.000 0.993 0.000 0.000 0.006
623 53_623 (6) 14 :  0.000 0.000 0.960 0.000 0.000 0.040
624 54_624 (13) 14 :  0.002 0.007 0.989 0.000 0.000 0.002
625 55_625 (13) 14 :  0.000 0.000 0.933 0.000 0.000 0.067
626 56_626 (13) 14 :  0.000 0.000 1.000 0.000 0.000 0.000
627 58_627 (13) 14 :  0.000 0.000 0.999 0.000 0.000 0.001
628 59_628 (13) 14 :  0.168 0.005 0.142 0.000 0.000 0.685
629 60_629 (13) 14 :  0.021 0.030 0.876 0.000 0.005 0.068
630 61_630 (13) 14 :  0.004 0.003 0.190 0.000 0.000 0.804
631 62_631 (6) 14 :  0.000 0.000 0.978 0.000 0.000 0.022
632 63_632 (26) 14 :  0.005 0.030 0.585 0.001 0.000 0.379
633 64_633 (13) 14 :  0.000 0.000 0.981 0.000 0.000 0.018
634 1_634 (13) 15 :  0.000 0.001 0.358 0.000 0.000 0.640
635 3_635 (6) 15 :  0.000 0.000 0.944 0.000 0.000 0.056
636 4_636 (0) 15 :  0.000 0.000 0.995 0.000 0.000 0.005
637 5_637 (0) 15 :  0.002 0.008 0.697 0.000 0.000 0.292
638 6_638 (6) 15 :  0.000 0.000 0.995 0.000 0.000 0.005
639 8_639 (6) 15 :  0.000 0.000 0.997 0.000 0.000 0.003
640 10_640 (6) 15 :  0.000 0.000 0.999 0.000 0.000 0.001
641 11_641 (13) 15 :  0.000 0.000 0.885 0.000 0.000 0.115
642 12_642 (13) 15 :  0.000 0.000 0.993 0.000 0.000 0.007
643 13_643 (6) 15 :  0.291 0.241 0.235 0.004 0.000 0.229
644 16_644 (6) 15 :  0.000 0.000 0.998 0.000 0.000 0.002
645 18_645 (0) 15 :  0.001 0.054 0.711 0.000 0.000 0.233
646 19_646 (0) 15 :  0.012 0.010 0.905 0.000 0.000 0.072
647 20_647 (0) 15 :  0.001 0.000 0.761 0.000 0.000 0.237
648 21_648 (20) 15 :  0.001 0.030 0.419 0.000 0.004 0.545
649 22_649 (0) 15 :  0.000 0.000 0.999 0.000 0.000 0.001
650 23_650 (13) 15 :  0.000 0.000 0.965 0.000 0.000 0.034
651 24_651 (0) 15 :  0.000 0.000 0.983 0.000 0.000 0.017
652 25_652 (6) 15 :  0.000 0.000 0.867 0.000 0.000 0.133
653 26_653 (6) 15 :  0.040 0.004 0.940 0.000 0.000 0.016
654 27_654 (6) 15 :  0.051 0.007 0.601 0.000 0.000 0.341
655 28_655 (0) 15 :  0.000 0.001 0.711 0.000 0.000 0.288
656 30_656 (6) 15 :  0.000 0.000 0.954 0.000 0.000 0.046
657 32_657 (0) 15 :  0.000 0.000 0.714 0.000 0.000 0.285
658 34_658 (20) 15 :  0.000 0.000 0.986 0.000 0.000 0.014
659 36_659 (13) 15 :  0.035 0.011 0.598 0.000 0.000 0.356
660 38_660 (0) 15 :  0.001 0.001 0.925 0.000 0.000 0.074
661 39_661 (0) 15 :  0.009 0.009 0.006 0.000 0.000 0.976
662 41_662 (0) 15 :  0.000 0.000 0.997 0.000 0.000 0.002
663 42_663 (13) 15 :  0.004 0.002 0.949 0.019 0.006 0.019
664 43_664 (0) 15 :  0.002 0.189 0.679 0.002 0.000 0.128
665 44_665 (13) 15 :  0.000 0.001 0.331 0.000 0.000 0.667
666 45_666 (0) 15 :  0.004 0.008 0.956 0.001 0.001 0.031
667 46_667 (0) 15 :  0.000 0.000 0.998 0.000 0.000 0.002
668 47_668 (6) 15 :  0.009 0.014 0.202 0.005 0.052 0.718
669 49_669 (6) 15 :  0.000 0.000 0.943 0.000 0.000 0.057
670 50_670 (0) 15 :  0.002 0.000 0.982 0.000 0.000 0.016
671 51_671 (0) 15 :  0.006 0.000 0.744 0.000 0.000 0.250
672 52_672 (0) 15 :  0.000 0.000 0.937 0.000 0.000 0.063
673 54_673 (0) 15 :  0.000 0.000 0.434 0.000 0.000 0.566
674 55_674 (6) 15 :  0.002 0.001 0.874 0.000 0.000 0.124
675 56_675 (26) 15 :  0.010 0.022 0.303 0.010 0.179 0.476
676 1_676 (6) 16 :  0.000 0.000 0.996 0.000 0.000 0.004
677 3_677 (0) 16 :  0.000 0.000 0.988 0.000 0.000 0.012
678 4_678 (0) 16 :  0.045 0.002 0.531 0.000 0.000 0.422
679 5_679 (0) 16 :  0.000 0.000 0.993 0.000 0.000 0.006
680 7_680 (0) 16 :  0.000 0.000 0.997 0.000 0.000 0.003
681 8_681 (6) 16 :  0.003 0.000 0.753 0.000 0.000 0.243
682 10_682 (0) 16 :  0.001 0.001 0.998 0.000 0.000 0.001
683 11_683 (0) 16 :  0.000 0.002 0.711 0.011 0.005 0.271
684 12_684 (0) 16 :  0.005 0.391 0.573 0.000 0.001 0.030
685 16_685 (0) 16 :  0.018 0.000 0.746 0.000 0.000 0.236
686 17_686 (0) 16 :  0.000 0.000 1.000 0.000 0.000 0.000
687 18_687 (0) 16 :  0.004 0.000 0.993 0.000 0.000 0.002
688 19_688 (6) 16 :  0.000 0.000 0.986 0.000 0.000 0.013
689 22_689 (13) 16 :  0.001 0.000 0.933 0.000 0.000 0.066
690 24_690 (0) 16 :  0.000 0.000 0.999 0.000 0.000 0.001
691 25_691 (6) 16 :  0.000 0.000 0.995 0.000 0.000 0.004
692 26_692 (0) 16 :  0.000 0.000 0.759 0.000 0.000 0.240
693 29_693 (0) 16 :  0.000 0.000 0.999 0.000 0.000 0.001
694 31_694 (0) 16 :  0.000 0.000 0.988 0.000 0.000 0.012
695 32_695 (0) 16 :  0.787 0.001 0.201 0.000 0.000 0.011
696 35_696 (0) 16 :  0.000 0.000 0.998 0.000 0.000 0.002
697 36_697 (0) 16 :  0.366 0.232 0.151 0.001 0.000 0.250
698 37_698 (0) 16 :  0.000 0.000 0.990 0.000 0.000 0.010
699 38_699 (0) 16 :  0.438 0.039 0.395 0.000 0.000 0.128
700 40_700 (0) 16 :  0.002 0.000 0.992 0.000 0.000 0.006
701 43_701 (0) 16 :  0.012 0.001 0.976 0.000 0.000 0.011
702 44_702 (0) 16 :  0.005 0.000 0.983 0.000 0.000 0.012
703 46_703 (0) 16 :  0.000 0.000 0.951 0.000 0.000 0.049
704 49_704 (6) 16 :  0.005 0.043 0.864 0.000 0.000 0.088
705 51_705 (0) 16 :  0.000 0.000 0.935 0.000 0.000 0.065
706 52_706 (0) 16 :  0.094 0.023 0.377 0.000 0.000 0.506
707 53_707 (6) 16 :  0.005 0.141 0.023 0.006 0.000 0.824
708 54_708 (20) 16 :  0.000 0.009 0.825 0.000 0.000 0.166
709 55_709 (20) 16 :  0.000 0.309 0.161 0.433 0.071 0.026
710 56_710 (6) 16 :  0.000 0.000 0.998 0.000 0.000 0.002
711 58_711 (6) 16 :  0.001 0.001 0.574 0.003 0.000 0.421
