  1:     0.000  0.000  0.000  1.000  0.000       21
  2:     0.028  0.000  0.000  0.972  0.000       36
  3:     0.061  0.015  0.015  0.879  0.030       66
  4:     0.058  0.096  0.058  0.750  0.038       52
  5:     0.042  0.070  0.014  0.803  0.070       71
  6:     0.022  0.000  0.000  0.978  0.000       46
  7:     0.000  0.034  0.000  0.966  0.000       58
  8:     0.017  0.034  0.017  0.914  0.017       58
  9:     0.030  0.000  0.030  0.939  0.000       33
 10:     0.000  0.037  0.037  0.926  0.000       27
 11:     0.040  0.160  0.000  0.800  0.000       25
 12:     0.000  0.000  0.000  0.935  0.065       31
 13:     0.000  0.000  0.000  1.000  0.000       52
 14:     0.000  0.000  0.000  1.000  0.000       57
 15:     0.024  0.024  0.000  0.952  0.000       42
 16:     0.048  0.000  0.024  0.929  0.000       42
 17:     0.000  0.040  0.000  0.960  0.000       25
 18:     0.211  0.000  0.000  0.789  0.000       38
 19:     0.143  0.429  0.029  0.343  0.057       35
 20:     0.228  0.193  0.018  0.526  0.035       57
 21:     0.250  0.125  0.000  0.500  0.125        8
 22:     0.241  0.167  0.093  0.426  0.074       54
 23:     0.147  0.120  0.040  0.693  0.000       75
 24:     0.180  0.240  0.020  0.540  0.020       50
 25:     0.095  0.071  0.024  0.810  0.000       42
 26:     0.286  0.143  0.024  0.524  0.024       42
 27:     0.519  0.074  0.296  0.037  0.074       27
 28:     0.407  0.111  0.296  0.074  0.111       27
 29:     0.821  0.036  0.071  0.036  0.036       56
 30:     0.724  0.034  0.224  0.000  0.017       58
 31:     0.829  0.049  0.073  0.049  0.000       41
 32:     0.885  0.038  0.038  0.038  0.000       26
 33:     0.784  0.020  0.020  0.176  0.000       51
 34:     0.742  0.032  0.161  0.000  0.065       31
 35:     0.865  0.058  0.077  0.000  0.000       52
 36:     0.860  0.093  0.047  0.000  0.000       43
 37:     0.913  0.043  0.000  0.000  0.043       23
 38:     0.810  0.119  0.048  0.000  0.024       42
 39:     0.976  0.000  0.000  0.024  0.000       41
 40:     0.879  0.091  0.030  0.000  0.000       33
 41:     0.769  0.115  0.115  0.000  0.000       26
 42:     0.829  0.086  0.057  0.029  0.000       35
 43:     0.955  0.000  0.045  0.000  0.000       22
 44:     0.442  0.404  0.058  0.077  0.019       52
 45:     0.634  0.098  0.195  0.073  0.000       41
 46:     0.043  0.457  0.435  0.000  0.065       46
 47:     0.000  0.053  0.895  0.000  0.053       38
 48:     0.034  0.034  0.845  0.000  0.086       58
 49:     0.018  0.036  0.909  0.000  0.036       55
 50:     0.016  0.033  0.869  0.016  0.066       61
 51:     0.086  0.114  0.657  0.000  0.143       35
 52:     0.000  0.087  0.783  0.000  0.130       23
 53:     0.038  0.154  0.115  0.038  0.654       52
 54:     0.045  0.091  0.545  0.000  0.318       22
 55:     0.000  0.171  0.514  0.000  0.314       35
 56:     0.000  0.000  0.500  0.000  0.500       14
 57:     0.024  0.262  0.262  0.000  0.452       42
 58:     0.000  0.333  0.205  0.000  0.462       39
 59:     0.000  0.768  0.018  0.000  0.214       56
 60:     0.000  0.898  0.000  0.000  0.102       49
 61:     0.000  0.148  0.037  0.000  0.815       27
 62:     0.000  0.122  0.000  0.000  0.878       41
 63:     0.000  0.606  0.030  0.000  0.364       33
