1 4_1 (0) 1 :  0.000 0.947 0.053 0.000
2 6_2 (0) 1 :  0.000 1.000 0.000 0.000
3 10_3 (0) 1 :  0.000 0.981 0.018 0.000
4 11_4 (0) 1 :  0.000 0.998 0.002 0.000
5 12_5 (0) 1 :  0.000 1.000 0.000 0.000
6 13_6 (0) 1 :  0.000 0.990 0.010 0.000
7 18_7 (6) 1 :  0.000 0.918 0.080 0.002
8 19_8 (0) 1 :  0.000 0.911 0.089 0.000
9 20_9 (0) 1 :  0.000 1.000 0.000 0.000
10 21_10 (0) 1 :  0.000 0.982 0.010 0.008
11 22_11 (6) 1 :  0.000 0.977 0.020 0.003
12 24_12 (20) 1 :  0.004 0.929 0.041 0.025
13 26_13 (0) 1 :  0.001 0.492 0.063 0.444
14 31_14 (0) 1 :  0.000 0.998 0.002 0.000
15 33_15 (6) 1 :  0.000 0.989 0.011 0.000
16 34_16 (6) 1 :  0.000 0.990 0.010 0.000
17 37_17 (0) 1 :  0.000 1.000 0.000 0.000
18 38_18 (0) 1 :  0.000 1.000 0.000 0.000
19 39_19 (0) 1 :  0.000 0.997 0.003 0.000
20 46_20 (0) 1 :  0.000 0.878 0.122 0.000
21 48_21 (6) 1 :  0.000 0.997 0.003 0.000
22 1_22 (13) 2 :  0.000 1.000 0.000 0.000
23 2_23 (6) 2 :  0.000 0.988 0.012 0.000
24 3_24 (0) 2 :  0.000 0.769 0.231 0.000
25 4_25 (0) 2 :  0.000 0.991 0.009 0.000
26 6_26 (0) 2 :  0.000 0.313 0.649 0.038
27 7_27 (6) 2 :  0.004 0.272 0.632 0.092
28 8_28 (26) 2 :  0.000 0.939 0.060 0.000
29 9_29 (26) 2 :  0.000 0.498 0.502 0.000
30 10_30 (0) 2 :  0.000 0.669 0.330 0.001
31 11_31 (26) 2 :  0.000 0.018 0.747 0.234
32 12_32 (0) 2 :  0.000 0.694 0.306 0.000
33 13_33 (0) 2 :  0.000 0.987 0.013 0.000
34 14_34 (13) 2 :  0.002 0.587 0.406 0.005
35 16_35 (13) 2 :  0.000 0.994 0.006 0.000
36 17_36 (6) 2 :  0.000 0.271 0.712 0.016
37 18_37 (13) 2 :  0.000 0.541 0.458 0.001
38 19_38 (13) 2 :  0.000 0.939 0.061 0.000
39 21_39 (6) 2 :  0.001 0.345 0.521 0.133
40 22_40 (0) 2 :  0.000 0.620 0.380 0.000
41 24_41 (0) 2 :  0.000 0.927 0.073 0.000
42 25_42 (6) 2 :  0.000 0.999 0.001 0.000
43 26_43 (20) 2 :  0.000 0.890 0.109 0.001
44 27_44 (0) 2 :  0.000 0.973 0.027 0.000
45 28_45 (0) 2 :  0.000 0.999 0.001 0.000
46 30_46 (0) 2 :  0.000 0.976 0.024 0.000
47 31_47 (0) 2 :  0.000 0.974 0.025 0.002
48 32_48 (13) 2 :  0.012 0.309 0.679 0.000
49 33_49 (0) 2 :  0.000 0.972 0.028 0.000
50 36_50 (6) 2 :  0.000 0.994 0.006 0.000
51 37_51 (0) 2 :  0.000 0.117 0.883 0.000
52 38_52 (0) 2 :  0.002 0.640 0.357 0.001
53 39_53 (13) 2 :  0.000 0.499 0.494 0.007
54 41_54 (0) 2 :  0.000 0.634 0.366 0.000
55 45_55 (0) 2 :  0.000 0.847 0.145 0.007
56 46_56 (0) 2 :  0.000 0.987 0.013 0.000
57 47_57 (6) 2 :  0.000 0.935 0.065 0.000
58 1_58 (6) 3 :  0.000 1.000 0.000 0.000
59 2_59 (13) 3 :  0.008 0.243 0.057 0.693
60 3_60 (13) 3 :  0.000 0.676 0.324 0.000
61 5_61 (6) 3 :  0.000 0.981 0.018 0.001
62 7_62 (13) 3 :  0.000 0.954 0.044 0.002
63 9_63 (13) 3 :  0.000 0.388 0.603 0.009
64 10_64 (13) 3 :  0.000 0.992 0.008 0.000
65 11_65 (46) 3 :  0.001 0.951 0.046 0.002
66 14_66 (80) 3 :  0.000 0.610 0.296 0.093
67 15_67 (6) 3 :  0.000 0.976 0.024 0.000
68 16_68 (20) 3 :  0.000 0.843 0.157 0.000
69 17_69 (73) 3 :  0.109 0.233 0.602 0.056
70 18_70 (20) 3 :  0.000 0.917 0.082 0.001
71 20_71 (20) 3 :  0.000 0.586 0.389 0.026
72 21_72 (13) 3 :  0.000 1.000 0.000 0.000
73 22_73 (6) 3 :  0.000 0.969 0.009 0.022
74 23_74 (6) 3 :  0.000 0.950 0.050 0.000
75 24_75 (13) 3 :  0.000 1.000 0.000 0.000
76 25_76 (26) 3 :  0.000 0.757 0.240 0.003
77 26_77 (53) 3 :  0.001 0.003 0.762 0.234
78 27_78 (26) 3 :  0.000 0.943 0.056 0.001
79 28_79 (20) 3 :  0.003 0.506 0.458 0.033
80 29_80 (13) 3 :  0.000 0.994 0.006 0.000
81 30_81 (13) 3 :  0.000 0.993 0.007 0.000
82 31_82 (6) 3 :  0.000 0.996 0.003 0.001
83 32_83 (20) 3 :  0.000 1.000 0.000 0.000
84 33_84 (26) 3 :  0.000 0.356 0.623 0.021
85 34_85 (46) 3 :  0.012 0.154 0.766 0.068
86 36_86 (73) 3 :  0.643 0.225 0.077 0.055
87 38_87 (26) 3 :  0.000 0.991 0.007 0.003
88 39_88 (60) 3 :  0.001 0.005 0.951 0.043
89 40_89 (33) 3 :  0.000 0.997 0.003 0.000
90 41_90 (73) 3 :  0.000 0.990 0.009 0.001
91 42_91 (6) 3 :  0.006 0.895 0.092 0.007
92 43_92 (13) 3 :  0.000 0.989 0.011 0.000
93 44_93 (33) 3 :  0.034 0.446 0.254 0.266
94 46_94 (86) 3 :  0.863 0.030 0.046 0.061
95 47_95 (26) 3 :  0.476 0.030 0.061 0.434
96 48_96 (33) 3 :  0.000 0.998 0.002 0.000
97 50_97 (6) 3 :  0.000 0.840 0.160 0.000
98 52_98 (0) 3 :  0.000 0.996 0.003 0.000
99 54_99 (26) 3 :  0.031 0.548 0.059 0.362
100 55_100 (13) 3 :  0.000 1.000 0.000 0.000
101 56_101 (0) 3 :  0.000 0.984 0.016 0.000
102 57_102 (13) 3 :  0.000 0.997 0.003 0.000
103 58_103 (6) 3 :  0.000 0.912 0.019 0.069
104 59_104 (6) 3 :  0.000 1.000 0.000 0.000
105 60_105 (0) 3 :  0.000 0.997 0.003 0.000
106 63_106 (0) 3 :  0.000 1.000 0.000 0.000
107 64_107 (0) 3 :  0.000 1.000 0.000 0.000
108 65_108 (0) 3 :  0.000 0.985 0.015 0.000
109 66_109 (6) 3 :  0.000 0.996 0.001 0.002
110 67_110 (6) 3 :  0.000 0.904 0.096 0.000
111 69_111 (0) 3 :  0.000 0.962 0.038 0.000
112 73_112 (20) 3 :  0.000 0.981 0.018 0.000
113 76_113 (6) 3 :  0.000 0.998 0.002 0.000
114 78_114 (20) 3 :  0.000 0.999 0.001 0.000
115 80_115 (6) 3 :  0.000 0.662 0.018 0.320
116 81_116 (0) 3 :  0.000 0.998 0.002 0.000
117 82_117 (93) 3 :  0.183 0.290 0.178 0.350
118 83_118 (6) 3 :  0.000 1.000 0.000 0.000
119 84_119 (6) 3 :  0.001 0.943 0.032 0.024
120 85_120 (26) 3 :  0.000 0.999 0.001 0.000
121 86_121 (6) 3 :  0.001 0.777 0.112 0.110
122 87_122 (0) 3 :  0.000 0.949 0.029 0.021
123 88_123 (6) 3 :  0.048 0.110 0.782 0.060
124 1_124 (33) 4 :  0.070 0.561 0.331 0.038
125 3_125 (0) 4 :  0.896 0.002 0.024 0.078
126 5_126 (6) 4 :  0.000 0.986 0.014 0.000
127 8_127 (13) 4 :  0.002 0.000 0.992 0.006
128 9_128 (13) 4 :  0.000 0.985 0.013 0.001
129 10_129 (13) 4 :  0.022 0.003 0.886 0.088
130 11_130 (6) 4 :  0.000 0.990 0.009 0.001
131 12_131 (0) 4 :  0.024 0.258 0.716 0.002
132 13_132 (6) 4 :  0.000 0.999 0.001 0.000
133 15_133 (13) 4 :  0.000 0.834 0.166 0.000
134 16_134 (6) 4 :  0.000 1.000 0.000 0.000
135 18_135 (0) 4 :  0.000 0.998 0.002 0.000
136 19_136 (6) 4 :  0.000 0.115 0.026 0.859
137 20_137 (0) 4 :  0.000 0.999 0.001 0.000
138 21_138 (0) 4 :  0.000 0.856 0.143 0.000
139 22_139 (0) 4 :  0.000 0.998 0.001 0.001
140 23_140 (0) 4 :  0.000 0.998 0.002 0.000
141 24_141 (6) 4 :  0.035 0.451 0.198 0.316
142 25_142 (6) 4 :  0.000 1.000 0.000 0.000
143 26_143 (0) 4 :  0.000 0.942 0.051 0.007
144 27_144 (0) 4 :  0.000 0.980 0.020 0.000
145 28_145 (0) 4 :  0.002 0.141 0.856 0.001
146 29_146 (0) 4 :  0.944 0.012 0.037 0.007
147 30_147 (0) 4 :  0.000 0.995 0.005 0.000
148 31_148 (0) 4 :  0.000 0.998 0.002 0.000
149 32_149 (0) 4 :  0.000 0.986 0.014 0.000
150 33_150 (0) 4 :  0.000 0.017 0.983 0.000
151 34_151 (6) 4 :  0.000 0.983 0.017 0.000
152 35_152 (6) 4 :  0.990 0.000 0.009 0.001
153 36_153 (0) 4 :  0.201 0.021 0.152 0.626
154 37_154 (0) 4 :  0.000 0.967 0.033 0.000
155 38_155 (6) 4 :  0.000 0.999 0.001 0.000
156 39_156 (0) 4 :  0.000 0.866 0.133 0.002
157 41_157 (6) 4 :  0.000 0.954 0.044 0.001
158 42_158 (0) 4 :  0.326 0.224 0.450 0.000
159 44_159 (6) 4 :  0.000 0.940 0.059 0.002
160 46_160 (6) 4 :  0.000 0.996 0.004 0.000
161 47_161 (0) 4 :  0.001 0.798 0.201 0.000
162 50_162 (6) 4 :  0.000 0.683 0.198 0.119
163 51_163 (0) 4 :  0.000 1.000 0.000 0.000
164 53_164 (0) 4 :  0.006 0.490 0.002 0.502
165 54_165 (0) 4 :  0.000 0.995 0.005 0.000
166 55_166 (6) 4 :  0.000 0.996 0.004 0.000
167 56_167 (0) 4 :  0.265 0.368 0.353 0.014
168 57_168 (0) 4 :  0.000 0.988 0.012 0.000
169 58_169 (0) 4 :  0.000 0.999 0.001 0.000
170 59_170 (0) 4 :  0.000 0.980 0.019 0.001
171 60_171 (0) 4 :  0.000 0.997 0.003 0.000
172 61_172 (0) 4 :  0.000 0.924 0.074 0.001
173 62_173 (0) 4 :  0.000 0.923 0.077 0.000
174 63_174 (0) 4 :  0.002 0.018 0.980 0.000
175 64_175 (0) 4 :  0.000 0.995 0.005 0.000
176 1_176 (0) 5 :  0.000 0.997 0.003 0.000
177 2_177 (0) 5 :  0.004 0.194 0.771 0.031
178 4_178 (6) 5 :  0.000 0.165 0.825 0.010
179 5_179 (13) 5 :  0.000 0.998 0.002 0.000
180 8_180 (0) 5 :  0.001 0.821 0.177 0.001
181 9_181 (0) 5 :  0.098 0.582 0.109 0.211
182 11_182 (0) 5 :  0.008 0.856 0.052 0.085
183 13_183 (0) 5 :  0.000 0.986 0.014 0.000
184 15_184 (0) 5 :  0.000 0.946 0.054 0.000
185 17_185 (0) 5 :  0.000 0.999 0.001 0.000
186 18_186 (0) 5 :  0.000 0.998 0.002 0.000
187 19_187 (0) 5 :  0.000 0.997 0.003 0.000
188 20_188 (0) 5 :  0.064 0.001 0.550 0.385
189 21_189 (0) 5 :  0.387 0.025 0.020 0.569
190 22_190 (6) 5 :  0.701 0.000 0.155 0.144
191 23_191 (0) 5 :  0.000 0.989 0.011 0.000
192 25_192 (0) 5 :  0.000 0.226 0.045 0.729
193 26_193 (0) 5 :  0.000 0.995 0.005 0.000
194 29_194 (13) 5 :  0.000 0.992 0.006 0.002
195 30_195 (0) 5 :  0.000 0.024 0.976 0.000
196 31_196 (0) 5 :  0.000 0.991 0.009 0.000
197 32_197 (0) 5 :  0.000 0.113 0.886 0.000
198 33_198 (6) 5 :  0.000 0.997 0.003 0.000
199 34_199 (0) 5 :  0.002 0.005 0.992 0.000
200 35_200 (0) 5 :  0.000 0.996 0.004 0.000
201 36_201 (0) 5 :  0.000 0.987 0.010 0.003
202 38_202 (0) 5 :  0.000 1.000 0.000 0.000
203 39_203 (13) 5 :  0.001 0.858 0.141 0.000
204 40_204 (0) 5 :  0.000 0.794 0.206 0.000
205 41_205 (6) 5 :  0.120 0.804 0.035 0.041
206 42_206 (0) 5 :  0.000 0.451 0.549 0.000
207 43_207 (6) 5 :  0.000 0.940 0.060 0.000
208 44_208 (6) 5 :  0.020 0.537 0.425 0.017
209 46_209 (0) 5 :  0.000 0.949 0.051 0.000
210 47_210 (0) 5 :  0.000 1.000 0.000 0.000
211 49_211 (6) 5 :  0.000 0.564 0.427 0.008
212 50_212 (6) 5 :  0.000 0.884 0.116 0.000
213 51_213 (6) 5 :  0.004 0.910 0.086 0.001
214 53_214 (0) 5 :  0.973 0.000 0.026 0.000
215 54_215 (0) 5 :  0.000 1.000 0.000 0.000
216 55_216 (0) 5 :  0.000 0.398 0.598 0.003
217 56_217 (0) 5 :  0.000 0.992 0.008 0.000
218 57_218 (6) 5 :  0.000 0.888 0.111 0.000
219 58_219 (0) 5 :  0.000 0.998 0.002 0.000
220 59_220 (6) 5 :  0.000 0.987 0.013 0.000
221 60_221 (0) 5 :  0.050 0.290 0.660 0.000
222 61_222 (0) 5 :  0.950 0.035 0.015 0.001
223 62_223 (6) 5 :  0.000 0.584 0.405 0.011
224 63_224 (6) 5 :  0.000 0.998 0.002 0.000
225 65_225 (0) 5 :  0.790 0.177 0.007 0.026
226 66_226 (0) 5 :  0.000 0.999 0.001 0.000
227 67_227 (13) 5 :  0.000 0.789 0.197 0.014
228 68_228 (0) 5 :  0.001 0.567 0.429 0.003
229 71_229 (13) 5 :  0.000 0.975 0.025 0.000
230 72_230 (0) 5 :  0.000 0.987 0.008 0.006
231 73_231 (6) 5 :  0.000 0.755 0.219 0.026
232 74_232 (13) 5 :  0.079 0.008 0.739 0.174
233 75_233 (0) 5 :  0.740 0.109 0.144 0.006
234 76_234 (6) 5 :  0.007 0.980 0.013 0.001
235 77_235 (0) 5 :  0.000 0.864 0.136 0.000
236 79_236 (0) 5 :  0.934 0.023 0.043 0.000
237 80_237 (0) 5 :  0.000 0.941 0.059 0.000
238 81_238 (13) 5 :  0.000 0.998 0.002 0.000
239 82_239 (0) 5 :  0.028 0.171 0.203 0.598
240 83_240 (13) 5 :  0.000 0.821 0.176 0.003
241 86_241 (0) 5 :  0.000 0.984 0.014 0.002
242 87_242 (20) 5 :  0.000 0.998 0.002 0.000
243 88_243 (13) 5 :  0.000 0.971 0.029 0.000
244 89_244 (13) 5 :  0.000 1.000 0.000 0.000
245 90_245 (20) 5 :  0.000 0.967 0.033 0.000
246 92_246 (0) 5 :  0.000 0.931 0.069 0.000
247 1_247 (20) 6 :  0.000 0.964 0.013 0.022
248 2_248 (13) 6 :  0.000 0.893 0.107 0.000
249 3_249 (20) 6 :  0.009 0.034 0.514 0.443
250 4_250 (0) 6 :  0.000 1.000 0.000 0.000
251 5_251 (20) 6 :  0.000 0.998 0.002 0.000
252 6_252 (6) 6 :  0.000 0.992 0.007 0.000
253 7_253 (26) 6 :  0.000 0.904 0.096 0.000
254 9_254 (0) 6 :  0.000 1.000 0.000 0.000
255 10_255 (0) 6 :  0.000 0.837 0.151 0.012
256 11_256 (6) 6 :  0.000 1.000 0.000 0.000
257 12_257 (13) 6 :  0.000 1.000 0.000 0.000
258 13_258 (6) 6 :  0.000 0.760 0.240 0.000
259 14_259 (0) 6 :  0.000 0.998 0.002 0.000
260 16_260 (13) 6 :  0.000 0.812 0.172 0.016
261 17_261 (20) 6 :  0.000 0.988 0.012 0.000
262 18_262 (20) 6 :  0.000 1.000 0.000 0.000
263 19_263 (20) 6 :  0.000 0.978 0.021 0.000
264 20_264 (33) 6 :  0.000 0.994 0.005 0.000
265 21_265 (20) 6 :  0.000 0.998 0.001 0.001
266 22_266 (20) 6 :  0.000 0.760 0.238 0.002
267 23_267 (40) 6 :  0.000 0.998 0.002 0.000
268 24_268 (33) 6 :  0.005 0.476 0.519 0.000
269 25_269 (13) 6 :  0.000 0.965 0.035 0.000
270 26_270 (13) 6 :  0.000 1.000 0.000 0.000
271 27_271 (26) 6 :  0.000 0.995 0.005 0.000
272 28_272 (13) 6 :  0.000 0.997 0.003 0.000
273 29_273 (6) 6 :  0.000 1.000 0.000 0.000
274 30_274 (13) 6 :  0.000 0.789 0.210 0.001
275 31_275 (13) 6 :  0.000 1.000 0.000 0.000
276 32_276 (13) 6 :  0.000 0.990 0.010 0.000
277 33_277 (20) 6 :  0.009 0.519 0.342 0.130
278 34_278 (0) 6 :  0.000 0.996 0.004 0.000
279 35_279 (6) 6 :  0.000 1.000 0.000 0.000
280 36_280 (6) 6 :  0.000 0.786 0.214 0.000
281 37_281 (6) 6 :  0.000 0.978 0.022 0.000
282 38_282 (6) 6 :  0.000 0.980 0.019 0.000
283 39_283 (0) 6 :  0.000 0.587 0.411 0.002
284 40_284 (13) 6 :  0.000 0.998 0.002 0.000
285 41_285 (0) 6 :  0.000 0.965 0.035 0.000
286 42_286 (40) 6 :  0.000 0.997 0.003 0.000
287 43_287 (6) 6 :  0.000 1.000 0.000 0.000
288 44_288 (33) 6 :  0.000 1.000 0.000 0.000
289 45_289 (6) 6 :  0.000 0.715 0.252 0.032
290 46_290 (20) 6 :  0.000 0.866 0.134 0.000
291 47_291 (13) 6 :  0.004 0.696 0.229 0.071
292 48_292 (40) 6 :  0.000 0.996 0.004 0.000
293 1_293 (20) 7 :  0.000 0.956 0.030 0.014
294 2_294 (6) 7 :  0.000 0.999 0.001 0.000
295 3_295 (6) 7 :  0.000 0.965 0.035 0.000
296 4_296 (6) 7 :  0.000 0.997 0.003 0.000
297 6_297 (0) 7 :  0.000 0.988 0.012 0.000
298 7_298 (6) 7 :  0.000 1.000 0.000 0.000
299 8_299 (20) 7 :  0.000 0.636 0.362 0.002
300 9_300 (26) 7 :  0.000 0.990 0.010 0.000
301 10_301 (13) 7 :  0.001 0.989 0.009 0.000
302 11_302 (0) 7 :  0.000 0.267 0.733 0.001
303 13_303 (6) 7 :  0.000 1.000 0.000 0.000
304 14_304 (6) 7 :  0.002 0.980 0.017 0.000
305 15_305 (6) 7 :  0.000 0.343 0.656 0.002
306 16_306 (6) 7 :  0.000 0.830 0.170 0.000
307 17_307 (6) 7 :  0.000 0.674 0.262 0.063
308 18_308 (13) 7 :  0.000 0.992 0.008 0.000
309 19_309 (0) 7 :  0.214 0.616 0.167 0.003
310 20_310 (6) 7 :  0.000 0.997 0.003 0.000
311 21_311 (0) 7 :  0.000 0.980 0.020 0.000
312 22_312 (6) 7 :  0.000 0.999 0.001 0.000
313 23_313 (13) 7 :  0.002 0.822 0.173 0.003
314 24_314 (6) 7 :  0.000 0.996 0.004 0.000
315 25_315 (13) 7 :  0.000 0.974 0.026 0.000
316 26_316 (0) 7 :  0.001 0.021 0.961 0.017
317 27_317 (0) 7 :  0.000 0.987 0.013 0.000
318 28_318 (0) 7 :  0.000 0.222 0.778 0.000
319 29_319 (0) 7 :  0.000 0.948 0.052 0.000
320 30_320 (0) 7 :  0.000 0.945 0.055 0.000
321 31_321 (6) 7 :  0.000 0.975 0.025 0.000
322 32_322 (0) 7 :  0.000 0.954 0.046 0.000
323 33_323 (6) 7 :  0.001 0.829 0.166 0.004
324 34_324 (0) 7 :  0.000 0.795 0.202 0.002
325 35_325 (0) 7 :  0.000 0.998 0.002 0.000
326 37_326 (6) 7 :  0.000 1.000 0.000 0.000
327 38_327 (6) 7 :  0.000 0.955 0.045 0.000
328 39_328 (0) 7 :  0.003 0.169 0.828 0.000
329 40_329 (26) 7 :  0.000 0.999 0.001 0.000
330 41_330 (0) 7 :  0.000 0.996 0.004 0.000
331 42_331 (0) 7 :  0.000 0.933 0.016 0.051
332 43_332 (0) 7 :  0.000 1.000 0.000 0.000
333 44_333 (0) 7 :  0.001 0.769 0.224 0.005
334 45_334 (0) 7 :  0.000 0.989 0.010 0.000
335 46_335 (6) 7 :  0.000 0.998 0.002 0.000
336 47_336 (6) 7 :  0.000 0.954 0.046 0.000
337 49_337 (6) 7 :  0.000 0.984 0.016 0.000
338 50_338 (13) 7 :  0.000 1.000 0.000 0.000
339 51_339 (20) 7 :  0.001 0.839 0.158 0.002
340 52_340 (6) 7 :  0.000 0.996 0.004 0.000
341 53_341 (0) 7 :  0.000 0.995 0.004 0.000
342 54_342 (0) 7 :  0.000 0.802 0.197 0.001
343 55_343 (6) 7 :  0.000 0.855 0.145 0.000
344 56_344 (0) 7 :  0.000 0.744 0.256 0.000
345 57_345 (33) 7 :  0.001 0.954 0.032 0.014
346 58_346 (0) 7 :  0.000 0.965 0.035 0.000
347 59_347 (0) 7 :  0.000 0.874 0.126 0.000
348 61_348 (0) 7 :  0.000 0.992 0.008 0.000
349 62_349 (0) 7 :  0.001 0.021 0.978 0.000
350 64_350 (6) 7 :  0.434 0.496 0.070 0.001
351 1_351 (6) 8 :  0.000 0.994 0.006 0.000
352 2_352 (0) 8 :  0.000 0.978 0.015 0.007
353 3_353 (0) 8 :  0.000 0.956 0.044 0.000
354 4_354 (13) 8 :  0.000 1.000 0.000 0.000
355 5_355 (0) 8 :  0.000 1.000 0.000 0.000
356 6_356 (6) 8 :  0.000 0.976 0.024 0.000
357 7_357 (0) 8 :  0.000 0.746 0.253 0.001
358 8_358 (13) 8 :  0.074 0.016 0.210 0.700
359 9_359 (6) 8 :  0.669 0.007 0.323 0.000
360 10_360 (0) 8 :  0.000 0.302 0.698 0.000
361 11_361 (6) 8 :  0.000 1.000 0.000 0.000
362 12_362 (0) 8 :  0.000 0.960 0.040 0.000
363 13_363 (0) 8 :  0.000 0.996 0.004 0.000
364 14_364 (0) 8 :  0.020 0.540 0.401 0.039
365 15_365 (0) 8 :  0.000 0.857 0.143 0.000
366 17_366 (33) 8 :  0.000 0.926 0.063 0.011
367 18_367 (0) 8 :  0.000 1.000 0.000 0.000
368 19_368 (0) 8 :  0.000 0.996 0.004 0.000
369 23_369 (0) 8 :  0.000 0.408 0.592 0.000
370 24_370 (0) 8 :  0.000 0.956 0.044 0.000
371 25_371 (0) 8 :  0.000 0.985 0.015 0.000
372 26_372 (6) 8 :  0.000 1.000 0.000 0.000
373 27_373 (6) 8 :  0.000 0.909 0.031 0.060
374 28_374 (0) 8 :  0.000 0.982 0.018 0.000
375 29_375 (0) 8 :  0.000 0.981 0.019 0.000
376 30_376 (6) 8 :  0.016 0.923 0.060 0.001
377 31_377 (0) 8 :  0.000 0.933 0.067 0.000
378 32_378 (0) 8 :  0.000 1.000 0.000 0.000
379 33_379 (6) 8 :  0.000 0.999 0.001 0.000
380 34_380 (13) 8 :  0.002 0.963 0.025 0.010
381 35_381 (0) 8 :  0.000 0.854 0.146 0.000
382 36_382 (0) 8 :  0.000 0.975 0.025 0.000
383 39_383 (0) 8 :  0.000 0.999 0.001 0.000
384 40_384 (0) 8 :  0.000 1.000 0.000 0.000
385 41_385 (0) 8 :  0.000 0.938 0.062 0.000
386 44_386 (53) 8 :  0.828 0.029 0.116 0.027
387 45_387 (20) 8 :  0.000 0.943 0.056 0.001
388 46_388 (40) 8 :  0.000 0.973 0.026 0.000
389 47_389 (6) 8 :  0.000 0.698 0.302 0.000
390 48_390 (13) 8 :  0.000 0.990 0.010 0.000
391 49_391 (13) 8 :  0.004 0.838 0.158 0.000
392 50_392 (6) 8 :  0.000 0.999 0.001 0.000
393 51_393 (13) 8 :  0.000 1.000 0.000 0.000
394 52_394 (0) 8 :  0.000 0.998 0.002 0.000
395 53_395 (20) 8 :  0.000 0.976 0.024 0.000
396 54_396 (20) 8 :  0.354 0.426 0.080 0.141
397 55_397 (46) 8 :  0.000 0.960 0.031 0.009
398 56_398 (13) 8 :  0.000 0.999 0.001 0.000
399 57_399 (6) 8 :  0.000 0.088 0.911 0.001
400 62_400 (26) 8 :  0.038 0.787 0.021 0.155
401 64_401 (33) 8 :  0.000 0.468 0.338 0.194
402 65_402 (0) 8 :  0.000 1.000 0.000 0.000
403 67_403 (0) 8 :  0.000 0.999 0.001 0.000
404 68_404 (0) 8 :  0.000 0.999 0.001 0.000
405 69_405 (0) 8 :  0.000 0.996 0.004 0.000
406 70_406 (0) 8 :  0.000 0.969 0.031 0.000
407 71_407 (6) 8 :  0.000 0.482 0.518 0.000
408 72_408 (0) 8 :  0.000 0.766 0.234 0.000
409 2_409 (6) 9 :  0.000 0.999 0.001 0.000
410 3_410 (33) 9 :  0.024 0.146 0.682 0.148
411 4_411 (6) 9 :  0.003 0.905 0.092 0.000
412 5_412 (6) 9 :  0.000 0.998 0.002 0.000
413 6_413 (6) 9 :  0.000 0.952 0.048 0.000
414 7_414 (53) 9 :  0.003 0.757 0.208 0.032
415 10_415 (6) 9 :  0.000 0.980 0.020 0.000
416 11_416 (6) 9 :  0.001 0.942 0.056 0.001
417 13_417 (6) 9 :  0.000 0.900 0.097 0.004
418 16_418 (6) 9 :  0.043 0.895 0.052 0.010
419 17_419 (6) 9 :  0.001 0.750 0.249 0.000
420 19_420 (46) 9 :  0.006 0.678 0.284 0.032
421 25_421 (6) 9 :  0.006 0.035 0.002 0.958
422 27_422 (6) 9 :  0.001 0.978 0.021 0.001
423 28_423 (0) 9 :  0.003 0.161 0.835 0.002
424 30_424 (0) 9 :  0.000 0.806 0.193 0.000
425 34_425 (0) 9 :  0.000 0.996 0.004 0.000
426 37_426 (13) 9 :  0.000 0.986 0.014 0.000
427 38_427 (6) 9 :  0.000 0.989 0.011 0.000
428 40_428 (46) 9 :  0.001 0.796 0.173 0.029
429 42_429 (20) 9 :  0.000 0.996 0.004 0.000
430 43_430 (6) 9 :  0.000 0.991 0.009 0.000
431 45_431 (6) 9 :  0.000 0.992 0.007 0.001
432 46_432 (20) 9 :  0.003 0.917 0.064 0.016
433 47_433 (6) 9 :  0.000 0.649 0.345 0.006
434 48_434 (26) 9 :  0.000 0.870 0.130 0.000
435 53_435 (6) 9 :  0.054 0.694 0.011 0.241
436 55_436 (6) 9 :  0.001 0.606 0.391 0.001
437 56_437 (20) 9 :  0.000 0.994 0.006 0.000
438 57_438 (13) 9 :  0.000 1.000 0.000 0.000
439 60_439 (0) 9 :  0.000 0.996 0.004 0.000
440 62_440 (26) 9 :  0.002 0.477 0.517 0.004
441 63_441 (13) 9 :  0.000 0.747 0.251 0.002
442 2_442 (6) 10 :  0.000 0.999 0.000 0.000
443 3_443 (6) 10 :  0.000 0.985 0.013 0.001
444 5_444 (0) 10 :  0.000 0.995 0.005 0.000
445 7_445 (6) 10 :  0.000 0.986 0.014 0.000
446 8_446 (33) 10 :  0.001 0.970 0.026 0.002
447 9_447 (0) 10 :  0.000 0.998 0.002 0.000
448 11_448 (6) 10 :  0.001 0.956 0.035 0.008
449 13_449 (20) 10 :  0.000 0.998 0.002 0.000
450 15_450 (6) 10 :  0.000 0.929 0.069 0.002
451 18_451 (6) 10 :  0.000 0.974 0.024 0.002
452 19_452 (0) 10 :  0.000 0.769 0.231 0.000
453 20_453 (6) 10 :  0.000 0.998 0.002 0.000
454 23_454 (6) 10 :  0.000 0.996 0.004 0.000
455 25_455 (0) 10 :  0.000 0.983 0.016 0.000
456 30_456 (6) 10 :  0.601 0.096 0.288 0.014
457 34_457 (26) 10 :  0.003 0.978 0.019 0.000
458 37_458 (0) 10 :  0.000 0.979 0.021 0.000
459 38_459 (26) 10 :  0.000 0.880 0.118 0.002
460 42_460 (20) 10 :  0.000 0.998 0.002 0.000
461 43_461 (0) 10 :  0.000 0.672 0.324 0.004
462 46_462 (13) 10 :  0.000 0.994 0.005 0.001
463 48_463 (13) 10 :  0.004 0.992 0.003 0.000
464 49_464 (0) 10 :  0.000 0.994 0.006 0.000
465 50_465 (6) 10 :  0.000 1.000 0.000 0.000
466 54_466 (0) 10 :  0.000 0.999 0.001 0.000
467 55_467 (40) 10 :  0.079 0.541 0.379 0.002
468 56_468 (6) 10 :  0.000 0.965 0.035 0.000
469 1_469 (0) 11 :  0.000 0.958 0.041 0.000
470 2_470 (0) 11 :  0.021 0.709 0.251 0.019
471 3_471 (0) 11 :  0.000 0.997 0.003 0.001
472 4_472 (0) 11 :  0.002 0.731 0.266 0.001
473 5_473 (0) 11 :  0.014 0.464 0.373 0.150
474 7_474 (0) 11 :  0.021 0.000 0.400 0.578
475 8_475 (0) 11 :  0.000 0.902 0.093 0.005
476 10_476 (6) 11 :  0.000 0.993 0.007 0.000
477 11_477 (0) 11 :  0.029 0.513 0.068 0.390
478 14_478 (0) 11 :  0.000 0.998 0.002 0.000
479 15_479 (0) 11 :  0.000 0.990 0.010 0.000
480 19_480 (0) 11 :  0.000 0.985 0.015 0.000
481 21_481 (0) 11 :  0.008 0.432 0.206 0.353
482 23_482 (0) 11 :  0.000 0.990 0.010 0.000
483 24_483 (6) 11 :  0.586 0.078 0.310 0.026
484 26_484 (0) 11 :  0.000 0.954 0.045 0.001
485 27_485 (0) 11 :  0.001 0.664 0.330 0.005
486 32_486 (0) 11 :  0.000 0.973 0.027 0.000
487 34_487 (0) 11 :  0.000 1.000 0.000 0.000
488 37_488 (0) 11 :  0.000 1.000 0.000 0.000
489 38_489 (0) 11 :  0.000 0.909 0.061 0.030
490 39_490 (0) 11 :  0.000 0.952 0.043 0.005
491 40_491 (0) 11 :  0.000 1.000 0.000 0.000
492 43_492 (6) 11 :  0.000 0.999 0.001 0.000
493 47_493 (0) 11 :  0.000 1.000 0.000 0.000
494 1_494 (6) 12 :  0.000 1.000 0.000 0.000
495 2_495 (6) 12 :  0.000 0.981 0.019 0.000
496 3_496 (0) 12 :  0.000 0.975 0.013 0.012
497 4_497 (13) 12 :  0.000 0.975 0.024 0.001
498 7_498 (0) 12 :  0.000 1.000 0.000 0.000
499 8_499 (13) 12 :  0.000 1.000 0.000 0.000
500 9_500 (20) 12 :  0.000 0.992 0.008 0.000
501 10_501 (13) 12 :  0.000 1.000 0.000 0.000
502 11_502 (6) 12 :  0.895 0.031 0.057 0.017
503 12_503 (6) 12 :  0.105 0.309 0.563 0.022
504 15_504 (13) 12 :  0.000 0.999 0.001 0.000
505 17_505 (6) 12 :  0.000 0.993 0.007 0.001
506 18_506 (6) 12 :  0.000 1.000 0.000 0.000
507 19_507 (6) 12 :  0.000 0.998 0.002 0.000
508 20_508 (13) 12 :  0.000 0.669 0.331 0.000
509 21_509 (6) 12 :  0.000 0.999 0.001 0.000
510 25_510 (6) 12 :  0.000 0.288 0.711 0.001
511 26_511 (0) 12 :  0.000 0.982 0.018 0.000
512 28_512 (6) 12 :  0.000 1.000 0.000 0.000
513 31_513 (13) 12 :  0.002 0.818 0.121 0.059
514 32_514 (13) 12 :  0.000 1.000 0.000 0.000
515 33_515 (13) 12 :  0.000 1.000 0.000 0.000
516 36_516 (6) 12 :  0.000 0.999 0.001 0.000
517 41_517 (6) 12 :  0.000 1.000 0.000 0.000
518 43_518 (6) 12 :  0.000 0.999 0.000 0.001
519 44_519 (33) 12 :  0.000 0.995 0.005 0.000
520 50_520 (0) 12 :  0.000 0.999 0.001 0.000
521 52_521 (60) 12 :  0.000 0.979 0.020 0.001
522 53_522 (20) 12 :  0.269 0.143 0.390 0.199
523 55_523 (26) 12 :  0.000 0.979 0.021 0.000
524 56_524 (6) 12 :  0.000 1.000 0.000 0.000
525 1_525 (0) 13 :  0.000 0.999 0.001 0.000
526 3_526 (6) 13 :  0.001 0.929 0.068 0.002
527 5_527 (6) 13 :  0.000 0.956 0.038 0.005
528 8_528 (13) 13 :  0.000 1.000 0.000 0.000
529 9_529 (6) 13 :  0.001 0.105 0.893 0.001
530 10_530 (6) 13 :  0.000 1.000 0.000 0.000
531 13_531 (6) 13 :  0.000 0.991 0.009 0.000
532 14_532 (0) 13 :  0.000 0.311 0.681 0.008
533 16_533 (6) 13 :  0.000 1.000 0.000 0.000
534 21_534 (0) 13 :  0.000 1.000 0.000 0.000
535 23_535 (6) 13 :  0.000 0.995 0.005 0.000
536 26_536 (0) 13 :  0.005 0.285 0.659 0.051
537 27_537 (0) 13 :  0.000 1.000 0.000 0.000
538 29_538 (13) 13 :  0.000 0.999 0.001 0.000
539 32_539 (0) 13 :  0.000 1.000 0.000 0.000
540 37_540 (0) 13 :  0.000 0.998 0.002 0.000
541 38_541 (0) 13 :  0.000 1.000 0.000 0.000
542 41_542 (6) 13 :  0.000 0.987 0.013 0.000
543 42_543 (0) 13 :  0.000 0.433 0.534 0.032
544 43_544 (0) 13 :  0.000 0.999 0.001 0.000
545 44_545 (0) 13 :  0.002 0.131 0.866 0.001
546 45_546 (0) 13 :  0.000 0.999 0.001 0.000
547 46_547 (0) 13 :  0.000 0.956 0.044 0.000
548 47_548 (0) 13 :  0.000 0.991 0.009 0.000
549 48_549 (0) 13 :  0.000 0.999 0.001 0.000
550 49_550 (6) 13 :  0.000 0.993 0.006 0.001
551 50_551 (0) 13 :  0.000 0.698 0.298 0.004
552 53_552 (6) 13 :  0.000 0.979 0.021 0.000
553 56_553 (6) 13 :  0.002 0.863 0.024 0.111
554 57_554 (0) 13 :  0.013 0.556 0.285 0.146
555 58_555 (0) 13 :  0.000 1.000 0.000 0.000
556 59_556 (0) 13 :  0.000 1.000 0.000 0.000
557 60_557 (6) 13 :  0.000 0.981 0.018 0.001
558 61_558 (0) 13 :  0.000 0.999 0.001 0.000
559 63_559 (6) 13 :  0.000 0.941 0.056 0.003
560 65_560 (6) 13 :  0.001 0.986 0.013 0.000
561 69_561 (0) 13 :  0.000 0.998 0.002 0.000
562 70_562 (6) 13 :  0.024 0.387 0.573 0.015
563 72_563 (0) 13 :  0.000 0.996 0.002 0.002
564 74_564 (0) 13 :  0.000 1.000 0.000 0.000
565 75_565 (6) 13 :  0.000 1.000 0.000 0.000
566 76_566 (6) 13 :  0.000 0.988 0.012 0.000
567 79_567 (0) 13 :  0.000 0.901 0.099 0.000
568 80_568 (6) 13 :  0.000 0.996 0.004 0.000
569 82_569 (0) 13 :  0.000 1.000 0.000 0.000
570 83_570 (0) 13 :  0.000 0.975 0.024 0.001
571 85_571 (6) 13 :  0.000 0.360 0.640 0.000
572 86_572 (0) 13 :  0.000 0.986 0.014 0.000
573 88_573 (6) 13 :  0.000 0.997 0.002 0.002
574 90_574 (0) 13 :  0.000 0.995 0.005 0.000
575 91_575 (0) 13 :  0.000 1.000 0.000 0.000
576 95_576 (0) 13 :  0.000 0.993 0.007 0.000
577 1_577 (0) 14 :  0.000 0.991 0.009 0.000
578 2_578 (6) 14 :  0.000 0.997 0.003 0.000
579 3_579 (0) 14 :  0.000 1.000 0.000 0.000
580 5_580 (0) 14 :  0.000 0.369 0.621 0.010
581 6_581 (0) 14 :  0.000 0.998 0.001 0.001
582 7_582 (0) 14 :  0.000 0.996 0.004 0.000
583 8_583 (13) 14 :  0.000 0.533 0.441 0.026
584 9_584 (6) 14 :  0.000 1.000 0.000 0.000
585 10_585 (0) 14 :  0.000 0.848 0.009 0.143
586 11_586 (13) 14 :  0.000 0.999 0.001 0.000
587 12_587 (0) 14 :  0.000 0.997 0.003 0.000
588 13_588 (0) 14 :  0.000 1.000 0.000 0.000
589 14_589 (0) 14 :  0.000 0.998 0.002 0.000
590 15_590 (0) 14 :  0.000 0.830 0.147 0.022
591 16_591 (6) 14 :  0.000 1.000 0.000 0.000
592 17_592 (0) 14 :  0.000 0.991 0.009 0.000
593 18_593 (13) 14 :  0.000 0.998 0.002 0.000
594 19_594 (0) 14 :  0.000 0.981 0.019 0.000
595 20_595 (6) 14 :  0.000 0.987 0.012 0.000
596 21_596 (20) 14 :  0.000 0.259 0.429 0.311
597 22_597 (0) 14 :  0.000 1.000 0.000 0.000
598 24_598 (0) 14 :  0.000 0.996 0.001 0.003
599 25_599 (6) 14 :  0.000 0.995 0.005 0.000
600 26_600 (0) 14 :  0.000 0.963 0.037 0.000
601 28_601 (13) 14 :  0.001 0.967 0.032 0.000
602 29_602 (0) 14 :  0.000 0.998 0.002 0.000
603 30_603 (0) 14 :  0.014 0.947 0.003 0.037
604 31_604 (20) 14 :  0.000 0.997 0.003 0.000
605 32_605 (0) 14 :  0.000 1.000 0.000 0.000
606 33_606 (6) 14 :  0.000 1.000 0.000 0.000
607 34_607 (0) 14 :  0.000 0.995 0.005 0.001
608 35_608 (6) 14 :  0.000 0.986 0.014 0.000
609 36_609 (20) 14 :  0.037 0.851 0.070 0.042
610 37_610 (6) 14 :  0.000 1.000 0.000 0.000
611 38_611 (6) 14 :  0.000 0.573 0.383 0.044
612 41_612 (0) 14 :  0.000 1.000 0.000 0.000
613 42_613 (0) 14 :  0.000 1.000 0.000 0.000
614 43_614 (0) 14 :  0.000 1.000 0.000 0.000
615 44_615 (0) 14 :  0.000 0.997 0.003 0.000
616 45_616 (6) 14 :  0.000 0.998 0.002 0.000
617 46_617 (6) 14 :  0.000 0.372 0.572 0.055
618 48_618 (6) 14 :  0.000 0.997 0.002 0.000
619 49_619 (0) 14 :  0.000 1.000 0.000 0.000
620 50_620 (13) 14 :  0.000 1.000 0.000 0.000
621 51_621 (6) 14 :  0.000 0.996 0.004 0.000
622 52_622 (13) 14 :  0.000 0.994 0.005 0.000
623 53_623 (6) 14 :  0.000 0.978 0.022 0.000
624 54_624 (13) 14 :  0.000 0.991 0.004 0.004
625 55_625 (13) 14 :  0.000 0.952 0.048 0.000
626 56_626 (13) 14 :  0.000 1.000 0.000 0.000
627 58_627 (13) 14 :  0.000 1.000 0.000 0.000
628 59_628 (13) 14 :  0.000 0.224 0.710 0.066
629 60_629 (13) 14 :  0.002 0.866 0.079 0.054
630 61_630 (13) 14 :  0.000 0.238 0.760 0.002
631 62_631 (6) 14 :  0.000 0.987 0.013 0.000
632 63_632 (26) 14 :  0.000 0.597 0.384 0.019
633 64_633 (13) 14 :  0.000 0.981 0.018 0.001
634 1_634 (13) 15 :  0.000 0.317 0.682 0.000
635 3_635 (6) 15 :  0.000 0.971 0.029 0.000
636 4_636 (0) 15 :  0.000 0.995 0.005 0.000
637 5_637 (0) 15 :  0.000 0.759 0.228 0.013
638 6_638 (6) 15 :  0.000 0.996 0.004 0.000
639 8_639 (6) 15 :  0.000 0.997 0.003 0.000
640 10_640 (6) 15 :  0.000 0.999 0.001 0.000
641 11_641 (13) 15 :  0.000 0.930 0.070 0.000
642 12_642 (13) 15 :  0.000 0.996 0.004 0.000
643 13_643 (6) 15 :  0.000 0.215 0.425 0.359
644 16_644 (6) 15 :  0.000 0.999 0.001 0.000
645 18_645 (0) 15 :  0.000 0.768 0.226 0.006
646 19_646 (0) 15 :  0.000 0.882 0.110 0.007
647 20_647 (0) 15 :  0.000 0.731 0.268 0.001
648 21_648 (20) 15 :  0.004 0.470 0.517 0.009
649 22_649 (0) 15 :  0.000 0.999 0.001 0.000
650 23_650 (13) 15 :  0.000 0.975 0.025 0.000
651 24_651 (0) 15 :  0.000 0.981 0.019 0.000
652 25_652 (6) 15 :  0.000 0.868 0.131 0.000
653 26_653 (6) 15 :  0.000 0.957 0.017 0.026
654 27_654 (6) 15 :  0.000 0.737 0.233 0.030
655 28_655 (0) 15 :  0.000 0.715 0.284 0.001
656 30_656 (6) 15 :  0.000 0.957 0.043 0.000
657 32_657 (0) 15 :  0.000 0.824 0.176 0.000
658 34_658 (20) 15 :  0.000 0.991 0.009 0.000
659 36_659 (13) 15 :  0.000 0.643 0.340 0.017
660 38_660 (0) 15 :  0.000 0.955 0.045 0.000
661 39_661 (0) 15 :  0.000 0.005 0.985 0.010
662 41_662 (0) 15 :  0.001 0.998 0.002 0.000
663 42_663 (13) 15 :  0.023 0.937 0.031 0.009
664 43_664 (0) 15 :  0.001 0.731 0.181 0.087
665 44_665 (13) 15 :  0.000 0.390 0.609 0.001
666 45_666 (0) 15 :  0.003 0.964 0.027 0.006
667 46_667 (0) 15 :  0.000 0.997 0.003 0.000
668 47_668 (6) 15 :  0.014 0.320 0.663 0.003
669 49_669 (6) 15 :  0.000 0.938 0.062 0.000
670 50_670 (0) 15 :  0.000 0.983 0.016 0.001
671 51_671 (0) 15 :  0.000 0.753 0.245 0.002
672 52_672 (0) 15 :  0.000 0.952 0.048 0.000
673 54_673 (0) 15 :  0.000 0.469 0.531 0.000
674 55_674 (6) 15 :  0.000 0.894 0.104 0.002
675 56_675 (26) 15 :  0.105 0.383 0.501 0.011
676 1_676 (6) 16 :  0.000 0.998 0.002 0.000
677 3_677 (0) 16 :  0.000 0.988 0.012 0.000
678 4_678 (0) 16 :  0.000 0.534 0.446 0.020
679 5_679 (0) 16 :  0.000 0.994 0.006 0.000
680 7_680 (0) 16 :  0.000 0.998 0.002 0.000
681 8_681 (6) 16 :  0.000 0.773 0.225 0.002
682 10_682 (0) 16 :  0.000 0.998 0.001 0.001
683 11_683 (0) 16 :  0.010 0.703 0.287 0.000
684 12_684 (0) 16 :  0.003 0.814 0.077 0.106
685 16_685 (0) 16 :  0.000 0.779 0.220 0.001
686 17_686 (0) 16 :  0.000 1.000 0.000 0.000
687 18_687 (0) 16 :  0.000 0.996 0.002 0.001
688 19_688 (6) 16 :  0.000 0.987 0.013 0.000
689 22_689 (13) 16 :  0.000 0.957 0.042 0.001
690 24_690 (0) 16 :  0.000 0.999 0.001 0.000
691 25_691 (6) 16 :  0.000 0.992 0.008 0.000
692 26_692 (0) 16 :  0.000 0.797 0.203 0.000
693 29_693 (0) 16 :  0.000 0.999 0.001 0.000
694 31_694 (0) 16 :  0.000 0.991 0.009 0.000
695 32_695 (0) 16 :  0.000 0.729 0.049 0.223
696 35_696 (0) 16 :  0.000 0.998 0.002 0.000
697 36_697 (0) 16 :  0.000 0.122 0.370 0.507
698 37_698 (0) 16 :  0.000 0.988 0.012 0.000
699 38_699 (0) 16 :  0.000 0.573 0.168 0.259
700 40_700 (0) 16 :  0.000 0.995 0.005 0.000
701 43_701 (0) 16 :  0.000 0.988 0.011 0.001
702 44_702 (0) 16 :  0.000 0.991 0.009 0.000
703 46_703 (0) 16 :  0.000 0.962 0.038 0.000
704 49_704 (6) 16 :  0.000 0.857 0.124 0.019
705 51_705 (0) 16 :  0.000 0.952 0.048 0.000
706 52_706 (0) 16 :  0.000 0.336 0.625 0.039
707 53_707 (6) 16 :  0.002 0.023 0.949 0.026
708 54_708 (20) 16 :  0.000 0.825 0.174 0.001
709 55_709 (20) 16 :  0.674 0.234 0.083 0.009
710 56_710 (6) 16 :  0.000 0.998 0.002 0.000
711 58_711 (6) 16 :  0.000 0.631 0.368 0.001
712 59_712 (6) 16 :  0.000 1.000 0.000 0.000
713 60_713 (13) 16 :  0.000 0.996 0.004 0.000
714 61_714 (0) 16 :  0.000 0.996 0.004 0.000
715 62_715 (0) 16 :  0.000 0.744 0.256 0.000
716 63_716 (0) 16 :  0.000 0.889 0.111 0.000
717 64_717 (20) 16 :  0.000 0.984 0.016 0.000
718 1_718 (20) 17 :  0.001 0.950 0.049 0.000
719 3_719 (0) 17 :  0.000 0.993 0.007 0.000
720 5_720 (0) 17 :  0.000 0.767 0.233 0.000
721 9_721 (20) 17 :  0.223 0.544 0.026 0.208
722 11_722 (6) 17 :  0.000 0.650 0.346 0.003
723 16_723 (6) 17 :  0.000 0.999 0.001 0.000
724 17_724 (20) 17 :  0.000 0.734 0.265 0.000
725 18_725 (26) 17 :  0.000 0.611 0.338 0.052
726 19_726 (0) 17 :  0.000 0.936 0.064 0.000
727 20_727 (0) 17 :  0.000 0.982 0.018 0.000
728 21_728 (6) 17 :  0.000 0.892 0.106 0.001
729 22_729 (0) 17 :  0.000 0.994 0.006 0.000
730 23_730 (0) 17 :  0.000 0.784 0.210 0.005
731 25_731 (13) 17 :  0.000 0.913 0.087 0.000
732 26_732 (26) 17 :  0.000 0.741 0.259 0.000
733 27_733 (6) 17 :  0.000 0.735 0.265 0.000
734 30_734 (0) 17 :  0.000 0.989 0.008 0.002
735 31_735 (0) 17 :  0.000 0.986 0.005 0.010
736 32_736 (6) 17 :  0.000 0.762 0.238 0.000
737 33_737 (13) 17 :  0.000 0.995 0.005 0.000
738 34_738 (0) 17 :  0.000 0.767 0.233 0.000
739 35_739 (0) 17 :  0.000 0.975 0.025 0.000
740 36_740 (6) 17 :  0.015 0.662 0.271 0.052
741 42_741 (0) 17 :  0.000 0.992 0.008 0.000
742 46_742 (0) 17 :  0.000 0.991 0.009 0.000
743 1_743 (0) 18 :  0.000 0.000 0.945 0.055
744 2_744 (0) 18 :  0.004 0.246 0.748 0.002
745 4_745 (6) 18 :  0.000 0.276 0.720 0.004
746 5_746 (13) 18 :  0.000 0.193 0.803 0.004
747 6_747 (0) 18 :  0.000 0.010 0.989 0.001
748 7_748 (6) 18 :  0.007 0.010 0.983 0.001
749 8_749 (13) 18 :  0.000 0.486 0.514 0.000
750 12_750 (0) 18 :  0.001 0.000 0.979 0.020
751 13_751 (0) 18 :  0.000 0.024 0.975 0.000
752 14_752 (0) 18 :  0.003 0.804 0.192 0.000
753 15_753 (40) 18 :  0.003 0.000 0.017 0.979
754 16_754 (0) 18 :  0.000 0.000 1.000 0.000
755 17_755 (0) 18 :  0.000 0.000 0.997 0.003
756 20_756 (0) 18 :  0.000 0.790 0.210 0.000
757 21_757 (0) 18 :  0.000 0.114 0.885 0.001
758 22_758 (0) 18 :  0.000 0.137 0.858 0.006
759 23_759 (6) 18 :  0.000 0.073 0.927 0.000
760 24_760 (6) 18 :  0.000 0.001 0.305 0.694
761 27_761 (0) 18 :  0.000 0.804 0.195 0.000
762 32_762 (0) 18 :  0.000 0.272 0.726 0.002
763 35_763 (0) 18 :  0.000 0.014 0.986 0.000
764 37_764 (0) 18 :  0.000 0.274 0.726 0.000
765 38_765 (0) 18 :  0.000 0.008 0.992 0.000
766 40_766 (0) 18 :  0.000 0.001 0.998 0.000
767 42_767 (0) 18 :  0.000 0.219 0.781 0.000
768 46_768 (0) 18 :  0.000 0.030 0.965 0.004
769 47_769 (0) 18 :  0.000 0.004 0.996 0.000
770 48_770 (0) 18 :  0.000 0.105 0.894 0.000
771 49_771 (6) 18 :  0.000 0.032 0.941 0.027
772 50_772 (20) 18 :  0.001 0.000 0.959 0.040
773 51_773 (46) 18 :  0.000 0.748 0.250 0.002
774 53_774 (46) 18 :  0.010 0.876 0.101 0.013
775 54_775 (33) 18 :  0.002 0.299 0.137 0.562
776 55_776 (46) 18 :  0.000 0.230 0.753 0.017
777 57_777 (6) 18 :  0.000 0.002 0.998 0.000
778 58_778 (0) 18 :  0.000 0.004 0.895 0.101
779 60_779 (13) 18 :  0.002 0.545 0.259 0.194
780 64_780 (0) 18 :  0.000 0.223 0.771 0.006
781 1_781 (26) 19 :  0.019 0.000 0.600 0.381
782 3_782 (6) 19 :  0.020 0.298 0.679 0.003
783 4_783 (6) 19 :  0.054 0.002 0.161 0.783
784 8_784 (6) 19 :  0.000 0.284 0.714 0.003
785 9_785 (46) 19 :  0.001 0.000 0.998 0.000
786 11_786 (6) 19 :  0.074 0.053 0.362 0.511
787 12_787 (6) 19 :  0.012 0.018 0.963 0.007
788 20_788 (6) 19 :  0.000 0.795 0.204 0.000
789 21_789 (26) 19 :  0.032 0.024 0.862 0.082
790 22_790 (20) 19 :  0.005 0.002 0.993 0.000
791 25_791 (6) 19 :  0.003 0.199 0.796 0.001
792 26_792 (13) 19 :  0.621 0.036 0.046 0.297
793 27_793 (6) 19 :  0.755 0.024 0.007 0.215
794 31_794 (13) 19 :  0.001 0.000 0.993 0.006
795 37_795 (6) 19 :  0.026 0.000 0.971 0.003
796 39_796 (6) 19 :  0.026 0.001 0.970 0.002
797 40_797 (6) 19 :  0.000 0.000 1.000 0.000
798 41_798 (33) 19 :  0.004 0.006 0.989 0.002
799 42_799 (6) 19 :  0.000 0.000 1.000 0.000
800 45_800 (6) 19 :  0.000 0.992 0.008 0.000
801 47_801 (6) 19 :  0.000 0.004 0.996 0.000
802 48_802 (13) 19 :  0.091 0.002 0.907 0.001
803 50_803 (6) 19 :  0.004 0.385 0.492 0.118
804 52_804 (13) 19 :  0.002 0.057 0.859 0.081
805 56_805 (26) 19 :  0.038 0.003 0.829 0.130
806 57_806 (0) 19 :  0.001 0.008 0.990 0.000
807 62_807 (13) 19 :  0.000 0.786 0.211 0.003
808 63_808 (20) 19 :  0.000 0.000 0.999 0.001
809 64_809 (26) 19 :  0.006 0.002 0.988 0.004
810 65_810 (0) 19 :  0.009 0.368 0.112 0.510
811 66_811 (13) 19 :  0.122 0.004 0.211 0.663
812 67_812 (20) 19 :  0.951 0.000 0.000 0.049
813 68_813 (0) 19 :  0.001 0.000 0.000 0.999
814 69_814 (20) 19 :  0.999 0.000 0.000 0.000
815 70_815 (26) 19 :  0.998 0.000 0.001 0.001
816 2_816 (6) 20 :  0.000 0.097 0.898 0.005
817 4_817 (6) 20 :  0.000 0.129 0.871 0.001
818 5_818 (13) 20 :  0.000 0.000 1.000 0.000
819 6_819 (0) 20 :  0.001 0.006 0.991 0.002
820 8_820 (0) 20 :  0.001 0.000 0.993 0.006
821 9_821 (6) 20 :  0.006 0.106 0.279 0.609
822 10_822 (0) 20 :  0.000 0.004 0.978 0.018
823 11_823 (6) 20 :  0.000 0.052 0.942 0.005
824 13_824 (6) 20 :  0.000 0.396 0.604 0.000
825 14_825 (0) 20 :  0.073 0.036 0.866 0.025
826 17_826 (20) 20 :  0.937 0.000 0.051 0.012
827 18_827 (6) 20 :  0.000 0.009 0.990 0.001
828 19_828 (0) 20 :  0.058 0.086 0.708 0.148
829 20_829 (6) 20 :  0.000 0.047 0.952 0.000
830 21_830 (13) 20 :  0.000 0.085 0.904 0.011
831 22_831 (0) 20 :  0.000 0.018 0.981 0.001
832 23_832 (6) 20 :  0.000 0.000 1.000 0.000
833 24_833 (6) 20 :  0.000 0.178 0.816 0.006
834 25_834 (0) 20 :  0.000 0.000 1.000 0.000
835 26_835 (66) 20 :  0.128 0.121 0.738 0.013
836 27_836 (26) 20 :  0.632 0.000 0.006 0.362
837 28_837 (20) 20 :  0.981 0.000 0.016 0.003
838 29_838 (0) 20 :  0.000 0.009 0.990 0.000
839 30_839 (0) 20 :  0.000 0.004 0.995 0.000
840 31_840 (0) 20 :  0.001 0.001 0.945 0.053
841 32_841 (0) 20 :  0.039 0.012 0.937 0.011
842 33_842 (13) 20 :  0.004 0.007 0.120 0.868
843 36_843 (20) 20 :  0.001 0.039 0.956 0.005
844 37_844 (0) 20 :  0.000 0.007 0.993 0.000
845 38_845 (0) 20 :  0.011 0.000 0.786 0.203
846 39_846 (0) 20 :  0.000 0.491 0.508 0.001
847 42_847 (6) 20 :  0.000 0.195 0.805 0.000
848 44_848 (26) 20 :  0.000 0.047 0.953 0.000
849 46_849 (6) 20 :  0.029 0.003 0.825 0.143
850 48_850 (0) 20 :  0.000 0.001 0.999 0.000
851 50_851 (6) 20 :  0.005 0.077 0.633 0.284
852 51_852 (6) 20 :  0.024 0.000 0.926 0.050
853 52_853 (13) 20 :  0.024 0.000 0.003 0.973
854 53_854 (0) 20 :  0.003 0.004 0.977 0.016
855 54_855 (0) 20 :  0.000 0.066 0.929 0.005
856 55_856 (6) 20 :  0.000 0.001 0.983 0.015
857 56_857 (0) 20 :  0.001 0.014 0.955 0.030
858 57_858 (0) 20 :  0.003 0.024 0.971 0.001
859 60_859 (73) 20 :  0.218 0.046 0.626 0.110
860 63_860 (73) 20 :  0.018 0.430 0.400 0.152
861 66_861 (66) 20 :  0.560 0.079 0.086 0.276
862 68_862 (0) 20 :  0.000 0.097 0.705 0.198
863 69_863 (0) 20 :  0.026 0.000 0.889 0.085
864 70_864 (73) 20 :  0.176 0.218 0.073 0.533
865 71_865 (0) 20 :  0.000 0.939 0.061 0.000
866 72_866 (0) 20 :  0.000 0.129 0.871 0.000
867 73_867 (6) 20 :  0.000 0.077 0.913 0.010
868 75_868 (0) 20 :  0.000 0.001 0.990 0.009
869 76_869 (0) 20 :  0.001 0.000 0.999 0.000
870 77_870 (0) 20 :  0.000 0.199 0.800 0.000
871 80_871 (0) 20 :  0.000 0.765 0.235 0.000
872 83_872 (6) 20 :  0.002 0.112 0.881 0.005
873 4_873 (13) 21 :  0.000 0.117 0.883 0.000
874 10_874 (53) 21 :  0.916 0.000 0.048 0.036
875 11_875 (33) 21 :  0.000 0.000 0.032 0.968
876 16_876 (0) 21 :  0.001 0.125 0.871 0.003
877 21_877 (6) 21 :  0.000 0.836 0.163 0.002
878 31_878 (0) 21 :  0.000 0.000 0.999 0.001
879 32_879 (0) 21 :  0.000 0.000 0.997 0.003
880 34_880 (6) 21 :  0.000 0.450 0.550 0.000
881 1_881 (0) 22 :  0.000 0.002 0.861 0.137
882 2_882 (6) 22 :  0.004 0.028 0.968 0.000
883 3_883 (6) 22 :  0.000 0.001 0.942 0.057
884 4_884 (0) 22 :  0.000 0.000 0.734 0.265
885 5_885 (20) 22 :  0.005 0.016 0.924 0.055
886 6_886 (13) 22 :  0.000 0.000 0.999 0.001
887 7_887 (0) 22 :  0.999 0.000 0.000 0.001
888 8_888 (0) 22 :  0.000 0.001 0.945 0.054
889 10_889 (6) 22 :  0.071 0.503 0.267 0.158
890 11_890 (6) 22 :  0.000 0.004 0.994 0.002
891 12_891 (0) 22 :  0.976 0.002 0.022 0.001
892 13_892 (0) 22 :  0.000 0.031 0.969 0.000
893 14_893 (0) 22 :  0.001 0.006 0.920 0.073
894 15_894 (0) 22 :  0.000 0.036 0.944 0.020
895 16_895 (0) 22 :  0.030 0.001 0.707 0.262
896 17_896 (6) 22 :  0.000 0.000 0.987 0.012
897 18_897 (0) 22 :  0.894 0.001 0.104 0.001
898 19_898 (0) 22 :  0.000 0.008 0.992 0.000
899 20_899 (0) 22 :  0.003 0.001 0.810 0.186
900 21_900 (0) 22 :  0.751 0.000 0.047 0.203
901 23_901 (0) 22 :  0.000 0.002 0.997 0.000
