  1:     0.000  0.048  0.000  0.000  0.952       21
  2:     0.000  0.000  0.000  0.167  0.833       36
  3:     0.045  0.076  0.015  0.076  0.788       66
  4:     0.058  0.038  0.058  0.096  0.750       52
  5:     0.014  0.028  0.113  0.113  0.732       71
  6:     0.000  0.000  0.000  0.043  0.957       46
  7:     0.000  0.000  0.034  0.103  0.862       58
  8:     0.034  0.017  0.034  0.034  0.879       58
  9:     0.000  0.030  0.000  0.152  0.818       33
 10:     0.037  0.000  0.000  0.037  0.926       27
 11:     0.000  0.040  0.040  0.000  0.920       25
 12:     0.000  0.000  0.065  0.032  0.903       31
 13:     0.000  0.000  0.000  0.096  0.904       52
 14:     0.000  0.000  0.000  0.053  0.947       57
 15:     0.000  0.024  0.000  0.071  0.905       42
 16:     0.024  0.024  0.000  0.048  0.905       42
 17:     0.000  0.000  0.000  0.000  1.000       25
 18:     0.000  0.079  0.000  0.737  0.184       38
 19:     0.057  0.086  0.114  0.571  0.171       35
 20:     0.018  0.088  0.088  0.737  0.070       57
 21:     0.000  0.125  0.125  0.500  0.250        8
 22:     0.056  0.037  0.093  0.778  0.037       54
 23:     0.013  0.013  0.000  0.907  0.067       75
 24:     0.000  0.060  0.060  0.840  0.040       50
 25:     0.000  0.024  0.000  0.881  0.095       42
 26:     0.000  0.000  0.000  1.000  0.000       42
 27:     0.222  0.519  0.111  0.148  0.000       27
 28:     0.148  0.704  0.074  0.037  0.037       27
 29:     0.089  0.768  0.054  0.036  0.054       56
 30:     0.172  0.793  0.000  0.034  0.000       58
 31:     0.073  0.805  0.024  0.098  0.000       41
 32:     0.038  0.885  0.038  0.038  0.000       26
 33:     0.020  0.765  0.000  0.118  0.098       51
 34:     0.194  0.742  0.032  0.032  0.000       31
 35:     0.058  0.885  0.019  0.038  0.000       52
 36:     0.070  0.884  0.000  0.047  0.000       43
 37:     0.000  0.913  0.043  0.000  0.043       23
 38:     0.048  0.833  0.048  0.071  0.000       42
 39:     0.000  0.854  0.000  0.122  0.024       41
 40:     0.030  0.939  0.000  0.030  0.000       33
 41:     0.000  0.923  0.038  0.038  0.000       26
 42:     0.029  0.800  0.029  0.143  0.000       35
 43:     0.045  0.955  0.000  0.000  0.000       22
 44:     0.077  0.615  0.154  0.096  0.058       52
 45:     0.098  0.756  0.049  0.073  0.024       41
 46:     0.804  0.109  0.087  0.000  0.000       46
 47:     0.921  0.053  0.026  0.000  0.000       38
 48:     0.948  0.052  0.000  0.000  0.000       58
 49:     0.945  0.018  0.036  0.000  0.000       55
 50:     0.918  0.016  0.033  0.000  0.033       61
 51:     0.800  0.057  0.114  0.029  0.000       35
 52:     0.870  0.000  0.130  0.000  0.000       23
 53:     0.269  0.038  0.615  0.038  0.038       52
 54:     0.682  0.000  0.227  0.091  0.000       22
 55:     0.629  0.000  0.314  0.057  0.000       35
 56:     0.714  0.000  0.286  0.000  0.000       14
 57:     0.310  0.048  0.619  0.024  0.000       42
 58:     0.308  0.026  0.590  0.077  0.000       39
 59:     0.036  0.018  0.929  0.000  0.018       56
 60:     0.061  0.000  0.918  0.020  0.000       49
 61:     0.074  0.000  0.926  0.000  0.000       27
 62:     0.024  0.000  0.976  0.000  0.000       41
 63:     0.030  0.000  0.970  0.000  0.000       33
