  1:     0.031  0.000  0.968  0.001       21
  2:     0.034  0.000  0.959  0.007       36
  3:     0.085  0.030  0.845  0.041       66
  4:     0.073  0.066  0.805  0.056       52
  5:     0.046  0.113  0.828  0.014       71
  6:     0.025  0.000  0.972  0.002       46
  7:     0.007  0.014  0.975  0.004       58
  8:     0.026  0.032  0.911  0.030       58
  9:     0.054  0.002  0.917  0.026       33
 10:     0.003  0.021  0.950  0.027       27
 11:     0.102  0.048  0.848  0.003       25
 12:     0.019  0.041  0.928  0.011       31
 13:     0.014  0.000  0.982  0.003       52
 14:     0.029  0.001  0.965  0.004       57
 15:     0.035  0.014  0.948  0.004       42
 16:     0.059  0.001  0.913  0.027       42
 17:     0.018  0.010  0.965  0.007       25
 18:     0.221  0.001  0.760  0.018       38
 19:     0.205  0.137  0.498  0.160       35
 20:     0.230  0.088  0.624  0.058       57
 21:     0.249  0.124  0.624  0.003        8
 22:     0.281  0.096  0.486  0.138       54
 23:     0.145  0.018  0.780  0.058       75
 24:     0.170  0.103  0.679  0.049       50
 25:     0.151  0.005  0.773  0.071       42
 26:     0.281  0.041  0.578  0.099       42
 27:     0.600  0.102  0.049  0.250       27
 28:     0.567  0.094  0.088  0.251       27
 29:     0.785  0.040  0.053  0.121       56
 30:     0.751  0.043  0.011  0.195       58
 31:     0.840  0.020  0.036  0.104       41
 32:     0.929  0.028  0.016  0.028       26
 33:     0.778  0.004  0.183  0.035       51
 34:     0.776  0.061  0.010  0.154       31
 35:     0.883  0.021  0.016  0.080       52
 36:     0.897  0.013  0.007  0.083       43
 37:     0.903  0.048  0.029  0.019       23
 38:     0.880  0.046  0.014  0.060       42
 39:     0.932  0.001  0.053  0.014       41
 40:     0.869  0.022  0.030  0.079       33
 41:     0.838  0.046  0.033  0.084       26
 42:     0.865  0.020  0.049  0.067       35
 43:     0.883  0.006  0.013  0.098       22
 44:     0.646  0.161  0.077  0.116       52
 45:     0.693  0.028  0.067  0.211       41
 46:     0.135  0.100  0.010  0.755       46
 47:     0.055  0.025  0.002  0.917       38
 48:     0.054  0.045  0.002  0.899       58
 49:     0.047  0.046  0.005  0.903       55
 50:     0.023  0.054  0.019  0.904       61
 51:     0.104  0.151  0.016  0.729       35
 52:     0.031  0.179  0.000  0.790       23
 53:     0.067  0.688  0.042  0.203       52
 54:     0.046  0.248  0.011  0.695       22
 55:     0.004  0.318  0.006  0.672       35
 56:     0.007  0.308  0.000  0.684       14
 57:     0.039  0.642  0.006  0.313       42
 58:     0.070  0.584  0.020  0.326       39
 59:     0.059  0.879  0.016  0.046       56
 60:     0.020  0.901  0.020  0.059       49
 61:     0.002  0.936  0.000  0.062       27
 62:     0.006  0.953  0.001  0.039       41
 63:     0.000  0.962  0.000  0.038       33
