  1:     0.000  0.001  0.968  0.030       21
  2:     0.000  0.007  0.959  0.034       36
  3:     0.030  0.041  0.845  0.085       66
  4:     0.066  0.056  0.805  0.073       52
  5:     0.113  0.014  0.828  0.046       71
  6:     0.000  0.002  0.972  0.025       46
  7:     0.014  0.004  0.975  0.007       58
  8:     0.032  0.030  0.912  0.026       58
  9:     0.002  0.026  0.917  0.054       33
 10:     0.021  0.027  0.950  0.003       27
 11:     0.047  0.003  0.848  0.102       25
 12:     0.041  0.011  0.928  0.019       31
 13:     0.000  0.003  0.982  0.015       52
 14:     0.001  0.004  0.965  0.029       57
 15:     0.014  0.004  0.948  0.035       42
 16:     0.001  0.027  0.912  0.060       42
 17:     0.010  0.007  0.965  0.018       25
 18:     0.001  0.018  0.761  0.220       38
 19:     0.136  0.160  0.498  0.205       35
 20:     0.087  0.058  0.624  0.230       57
 21:     0.124  0.003  0.625  0.248        8
 22:     0.096  0.138  0.486  0.281       54
 23:     0.018  0.058  0.780  0.145       75
 24:     0.103  0.049  0.678  0.170       50
 25:     0.005  0.071  0.774  0.151       42
 26:     0.041  0.099  0.578  0.282       42
 27:     0.102  0.249  0.049  0.601       27
 28:     0.094  0.250  0.088  0.568       27
 29:     0.041  0.120  0.053  0.786       56
 30:     0.043  0.195  0.011  0.751       58
 31:     0.021  0.104  0.036  0.840       41
 32:     0.028  0.028  0.016  0.929       26
 33:     0.004  0.035  0.183  0.777       51
 34:     0.061  0.153  0.010  0.776       31
 35:     0.021  0.080  0.016  0.883       52
 36:     0.013  0.083  0.007  0.897       43
 37:     0.048  0.019  0.029  0.903       23
 38:     0.046  0.060  0.014  0.880       42
 39:     0.001  0.014  0.053  0.932       41
 40:     0.022  0.079  0.030  0.869       33
 41:     0.046  0.083  0.033  0.838       26
 42:     0.020  0.067  0.049  0.865       35
 43:     0.006  0.098  0.013  0.883       22
 44:     0.161  0.116  0.077  0.646       52
 45:     0.028  0.212  0.067  0.693       41
 46:     0.100  0.755  0.010  0.135       46
 47:     0.025  0.918  0.002  0.055       38
 48:     0.046  0.899  0.002  0.054       58
 49:     0.046  0.903  0.005  0.047       55
 50:     0.054  0.904  0.018  0.023       61
 51:     0.151  0.729  0.016  0.104       35
 52:     0.180  0.789  0.000  0.031       23
 53:     0.688  0.203  0.042  0.067       52
 54:     0.248  0.695  0.011  0.046       22
 55:     0.318  0.672  0.006  0.004       35
 56:     0.307  0.685  0.000  0.007       14
 57:     0.643  0.313  0.006  0.039       42
 58:     0.584  0.325  0.020  0.070       39
 59:     0.879  0.046  0.016  0.059       56
 60:     0.901  0.059  0.020  0.020       49
 61:     0.936  0.062  0.000  0.002       27
 62:     0.953  0.039  0.001  0.006       41
 63:     0.962  0.038  0.000  0.000       33
