  1:     0.023  0.951  0.026  0.000       21
  2:     0.015  0.724  0.260  0.001       36
  3:     0.052  0.779  0.132  0.037       66
  4:     0.051  0.716  0.160  0.073       52
  5:     0.044  0.701  0.171  0.084       71
  6:     0.016  0.895  0.088  0.001       46
  7:     0.003  0.843  0.142  0.011       58
  8:     0.023  0.835  0.107  0.035       58
  9:     0.045  0.805  0.145  0.005       33
 10:     0.001  0.912  0.061  0.026       27
 11:     0.063  0.809  0.101  0.027       25
 12:     0.010  0.874  0.075  0.041       31
 13:     0.007  0.878  0.114  0.001       52
 14:     0.015  0.898  0.086  0.001       57
 15:     0.014  0.794  0.188  0.004       42
 16:     0.029  0.836  0.119  0.016       42
 17:     0.013  0.854  0.123  0.010       25
 18:     0.072  0.207  0.720  0.001       38
 19:     0.139  0.124  0.597  0.140       35
 20:     0.092  0.096  0.742  0.070       57
 21:     0.126  0.193  0.566  0.115        8
 22:     0.062  0.054  0.782  0.102       54
 23:     0.013  0.057  0.919  0.011       75
 24:     0.054  0.060  0.835  0.051       50
 25:     0.027  0.076  0.891  0.006       42
 26:     0.030  0.025  0.909  0.036       42
 27:     0.638  0.014  0.148  0.199       27
 28:     0.611  0.036  0.172  0.180       27
 29:     0.733  0.051  0.119  0.097       56
 30:     0.795  0.005  0.077  0.123       58
 31:     0.816  0.008  0.117  0.059       41
 32:     0.945  0.009  0.037  0.009       26
 33:     0.715  0.100  0.174  0.011       51
 34:     0.807  0.001  0.067  0.124       31
 35:     0.857  0.007  0.076  0.060       52
 36:     0.881  0.005  0.071  0.043       43
 37:     0.894  0.047  0.017  0.041       23
 38:     0.854  0.005  0.072  0.069       42
 39:     0.747  0.051  0.196  0.006       41
 40:     0.853  0.022  0.082  0.043       33
 41:     0.868  0.017  0.068  0.047       26
 42:     0.816  0.005  0.141  0.038       35
 43:     0.941  0.001  0.046  0.012       22
 44:     0.658  0.054  0.133  0.156       52
 45:     0.767  0.038  0.115  0.079       41
 46:     0.382  0.003  0.061  0.554       46
 47:     0.218  0.001  0.057  0.724       38
 48:     0.191  0.002  0.065  0.742       58
 49:     0.337  0.006  0.076  0.581       55
 50:     0.125  0.018  0.050  0.807       61
 51:     0.269  0.016  0.062  0.653       35
 52:     0.103  0.000  0.035  0.862       23
 53:     0.058  0.016  0.068  0.858       52
 54:     0.066  0.000  0.079  0.855       22
 55:     0.035  0.001  0.044  0.921       35
 56:     0.121  0.000  0.007  0.871       14
 57:     0.047  0.001  0.036  0.915       42
 58:     0.045  0.001  0.091  0.863       39
 59:     0.082  0.025  0.019  0.874       56
 60:     0.027  0.015  0.041  0.917       49
 61:     0.004  0.000  0.004  0.992       27
 62:     0.005  0.017  0.001  0.977       41
 63:     0.001  0.000  0.005  0.994       33
