  1:     0.005  0.040  0.925  0.000  0.000  0.029       21
  2:     0.010  0.047  0.692  0.001  0.000  0.250       36
  3:     0.041  0.054  0.742  0.032  0.023  0.108       66
  4:     0.029  0.059  0.689  0.030  0.053  0.139       52
  5:     0.023  0.052  0.677  0.003  0.093  0.152       71
  6:     0.003  0.028  0.879  0.001  0.000  0.089       46
  7:     0.002  0.007  0.827  0.001  0.011  0.152       58
  8:     0.008  0.038  0.813  0.012  0.027  0.103       58
  9:     0.011  0.062  0.785  0.007  0.001  0.135       33
 10:     0.002  0.002  0.897  0.034  0.011  0.054       27
 11:     0.079  0.021  0.803  0.001  0.044  0.053       25
 12:     0.004  0.028  0.864  0.005  0.034  0.065       31
 13:     0.005  0.009  0.873  0.001  0.000  0.112       52
 14:     0.016  0.008  0.891  0.001  0.000  0.084       57
 15:     0.012  0.015  0.773  0.001  0.006  0.194       42
 16:     0.043  0.029  0.806  0.011  0.002  0.110       42
 17:     0.005  0.014  0.816  0.002  0.004  0.160       25
 18:     0.053  0.048  0.185  0.001  0.000  0.712       38
 19:     0.073  0.141  0.118  0.038  0.088  0.542       35
 20:     0.058  0.074  0.083  0.014  0.066  0.705       57
 21:     0.066  0.074  0.188  0.008  0.103  0.560        8
 22:     0.050  0.070  0.048  0.038  0.080  0.714       54
 23:     0.023  0.008  0.049  0.007  0.004  0.909       75
 24:     0.050  0.028  0.046  0.009  0.043  0.824       50
 25:     0.012  0.034  0.072  0.011  0.001  0.869       42
 26:     0.063  0.019  0.021  0.016  0.013  0.868       42
 27:     0.171  0.556  0.012  0.096  0.052  0.113       27
 28:     0.285  0.421  0.017  0.128  0.055  0.093       27
 29:     0.309  0.529  0.033  0.045  0.018  0.066       56
 30:     0.389  0.432  0.002  0.118  0.013  0.045       58
 31:     0.598  0.263  0.006  0.051  0.012  0.069       41
 32:     0.901  0.044  0.003  0.016  0.008  0.027       26
 33:     0.396  0.374  0.079  0.015  0.002  0.134       51
 34:     0.604  0.236  0.001  0.071  0.047  0.040       31
 35:     0.646  0.273  0.005  0.031  0.010  0.035       52
 36:     0.736  0.198  0.003  0.033  0.005  0.024       43
 37:     0.675  0.241  0.029  0.012  0.037  0.005       23
 38:     0.689  0.213  0.004  0.038  0.029  0.028       42
 39:     0.873  0.033  0.026  0.002  0.000  0.066       41
 40:     0.204  0.724  0.007  0.016  0.006  0.042       33
 41:     0.386  0.510  0.014  0.021  0.021  0.049       26
 42:     0.248  0.609  0.003  0.016  0.007  0.116       35
 43:     0.378  0.524  0.001  0.063  0.003  0.032       22
 44:     0.134  0.651  0.040  0.028  0.074  0.073       52
 45:     0.264  0.566  0.028  0.073  0.011  0.058       41
 46:     0.076  0.334  0.001  0.510  0.050  0.028       46
 47:     0.046  0.091  0.000  0.842  0.014  0.007       38
 48:     0.054  0.056  0.001  0.839  0.034  0.016       58
 49:     0.038  0.082  0.003  0.829  0.036  0.011       55
 50:     0.017  0.042  0.016  0.875  0.032  0.018       61
 51:     0.088  0.092  0.010  0.672  0.112  0.027       35
 52:     0.013  0.016  0.000  0.812  0.155  0.005       23
 53:     0.048  0.054  0.013  0.203  0.626  0.056       52
 54:     0.037  0.012  0.000  0.680  0.198  0.072       22
 55:     0.001  0.003  0.000  0.716  0.241  0.038       35
 56:     0.002  0.023  0.000  0.717  0.257  0.001       14
 57:     0.031  0.055  0.000  0.300  0.583  0.029       42
 58:     0.037  0.065  0.001  0.345  0.484  0.069       39
 59:     0.024  0.120  0.008  0.030  0.811  0.006       56
 60:     0.006  0.032  0.007  0.056  0.877  0.023       49
 61:     0.002  0.002  0.000  0.064  0.931  0.001       27
 62:     0.005  0.004  0.002  0.041  0.947  0.001       41
 63:     0.001  0.004  0.000  0.034  0.961  0.001       33
