  1:     0.023  0.946  0.000  0.030  0.000       21
  2:     0.011  0.707  0.000  0.279  0.003       36
  3:     0.048  0.773  0.026  0.118  0.035       66
  4:     0.050  0.703  0.062  0.144  0.040       52
  5:     0.035  0.692  0.105  0.161  0.007       71
  6:     0.014  0.888  0.000  0.097  0.001       46
  7:     0.002  0.835  0.013  0.148  0.002       58
  8:     0.018  0.825  0.028  0.103  0.025       58
  9:     0.041  0.806  0.001  0.139  0.013       33
 10:     0.001  0.901  0.012  0.053  0.032       27
 11:     0.076  0.809  0.046  0.067  0.002       25
 12:     0.010  0.870  0.038  0.075  0.007       31
 13:     0.007  0.876  0.000  0.116  0.002       52
 14:     0.015  0.893  0.000  0.089  0.002       57
 15:     0.018  0.779  0.006  0.196  0.001       42
 16:     0.039  0.825  0.001  0.113  0.022       42
 17:     0.011  0.844  0.006  0.135  0.005       25
 18:     0.079  0.194  0.000  0.724  0.002       38
 19:     0.122  0.126  0.109  0.586  0.057       35
 20:     0.090  0.091  0.072  0.726  0.021       57
 21:     0.122  0.191  0.120  0.562  0.005        8
 22:     0.055  0.049  0.084  0.762  0.050       54
 23:     0.017  0.054  0.005  0.914  0.010       75
 24:     0.058  0.052  0.048  0.834  0.009       50
 25:     0.024  0.078  0.002  0.883  0.012       42
 26:     0.029  0.023  0.015  0.910  0.022       42
 27:     0.537  0.013  0.082  0.138  0.231       27
 28:     0.499  0.033  0.085  0.159  0.223       27
 29:     0.727  0.046  0.033  0.094  0.101       56
 30:     0.728  0.005  0.030  0.063  0.173       58
 31:     0.787  0.007  0.017  0.097  0.093       41
 32:     0.921  0.005  0.019  0.034  0.021       26
 33:     0.708  0.098  0.003  0.161  0.029       51
 34:     0.744  0.001  0.053  0.057  0.145       31
 35:     0.852  0.006  0.019  0.059  0.064       52
 36:     0.846  0.004  0.012  0.060  0.078       43
 37:     0.897  0.032  0.043  0.008  0.020       23
 38:     0.834  0.006  0.042  0.062  0.057       42
 39:     0.807  0.045  0.001  0.137  0.010       41
 40:     0.827  0.021  0.018  0.068  0.066       33
 41:     0.811  0.014  0.041  0.063  0.071       26
 42:     0.792  0.004  0.017  0.134  0.053       35
 43:     0.870  0.001  0.004  0.039  0.085       22
 44:     0.598  0.048  0.149  0.108  0.097       52
 45:     0.651  0.036  0.027  0.102  0.184       41
 46:     0.149  0.002  0.095  0.044  0.711       46
 47:     0.066  0.001  0.019  0.008  0.906       38
 48:     0.057  0.001  0.039  0.015  0.888       58
 49:     0.049  0.003  0.046  0.015  0.887       55
 50:     0.019  0.017  0.048  0.019  0.897       61
 51:     0.099  0.011  0.135  0.034  0.721       35
 52:     0.027  0.000  0.170  0.008  0.796       23
 53:     0.055  0.015  0.665  0.062  0.202       52
 54:     0.021  0.000  0.229  0.078  0.672       22
 55:     0.004  0.001  0.278  0.035  0.682       35
 56:     0.008  0.000  0.294  0.001  0.697       14
 57:     0.040  0.001  0.624  0.034  0.302       42
 58:     0.051  0.001  0.551  0.077  0.321       39
 59:     0.058  0.012  0.873  0.012  0.044       56
 60:     0.018  0.009  0.891  0.029  0.054       49
 61:     0.001  0.000  0.935  0.002  0.062       27
 62:     0.005  0.003  0.952  0.001  0.039       41
 63:     0.000  0.000  0.963  0.001  0.036       33
