  1:     0.023  0.000  0.946  0.000  0.030       21
  2:     0.011  0.000  0.707  0.003  0.279       36
  3:     0.048  0.026  0.773  0.035  0.118       66
  4:     0.050  0.062  0.704  0.040  0.144       52
  5:     0.035  0.105  0.692  0.007  0.162       71
  6:     0.014  0.000  0.888  0.001  0.096       46
  7:     0.002  0.013  0.834  0.002  0.148       58
  8:     0.018  0.028  0.825  0.025  0.103       58
  9:     0.041  0.001  0.806  0.013  0.139       33
 10:     0.001  0.012  0.902  0.032  0.053       27
 11:     0.076  0.046  0.809  0.002  0.066       25
 12:     0.011  0.038  0.870  0.007  0.075       31
 13:     0.007  0.000  0.876  0.002  0.116       52
 14:     0.015  0.000  0.893  0.002  0.089       57
 15:     0.017  0.006  0.779  0.002  0.196       42
 16:     0.039  0.001  0.825  0.022  0.113       42
 17:     0.011  0.006  0.845  0.005  0.134       25
 18:     0.079  0.000  0.195  0.002  0.724       38
 19:     0.122  0.109  0.127  0.057  0.586       35
 20:     0.090  0.072  0.091  0.021  0.726       57
 21:     0.122  0.120  0.192  0.005  0.561        8
 22:     0.055  0.084  0.049  0.050  0.762       54
 23:     0.017  0.005  0.054  0.010  0.914       75
 24:     0.058  0.048  0.052  0.009  0.834       50
 25:     0.024  0.002  0.078  0.012  0.883       42
 26:     0.029  0.015  0.023  0.022  0.910       42
 27:     0.537  0.081  0.013  0.231  0.138       27
 28:     0.499  0.085  0.033  0.223  0.160       27
 29:     0.727  0.032  0.046  0.101  0.094       56
 30:     0.728  0.030  0.005  0.173  0.063       58
 31:     0.786  0.017  0.007  0.093  0.097       41
 32:     0.921  0.018  0.005  0.021  0.034       26
 33:     0.708  0.003  0.098  0.029  0.162       51
 34:     0.744  0.052  0.001  0.145  0.057       31
 35:     0.852  0.019  0.006  0.064  0.059       52
 36:     0.846  0.012  0.004  0.077  0.060       43
 37:     0.897  0.043  0.032  0.020  0.008       23
 38:     0.834  0.042  0.006  0.057  0.062       42
 39:     0.807  0.001  0.045  0.010  0.138       41
 40:     0.826  0.019  0.021  0.066  0.068       33
 41:     0.810  0.041  0.014  0.072  0.063       26
 42:     0.792  0.017  0.004  0.053  0.134       35
 43:     0.870  0.004  0.001  0.086  0.039       22
 44:     0.598  0.148  0.048  0.097  0.108       52
 45:     0.650  0.027  0.036  0.184  0.103       41
 46:     0.149  0.095  0.002  0.711  0.044       46
 47:     0.066  0.019  0.001  0.906  0.008       38
 48:     0.057  0.039  0.001  0.887  0.016       58
 49:     0.049  0.046  0.003  0.887  0.015       55
 50:     0.019  0.048  0.017  0.897  0.019       61
 51:     0.099  0.134  0.011  0.721  0.035       35
 52:     0.027  0.170  0.000  0.796  0.008       23
 53:     0.055  0.665  0.015  0.202  0.062       52
 54:     0.021  0.229  0.000  0.672  0.078       22
 55:     0.004  0.278  0.001  0.682  0.035       35
 56:     0.008  0.293  0.000  0.697  0.001       14
 57:     0.040  0.623  0.001  0.302  0.034       42
 58:     0.051  0.550  0.001  0.322  0.077       39
 59:     0.058  0.873  0.012  0.044  0.012       56
 60:     0.018  0.891  0.009  0.054  0.028       49
 61:     0.001  0.935  0.000  0.062  0.002       27
 62:     0.005  0.952  0.003  0.039  0.001       41
 63:     0.000  0.963  0.000  0.036  0.001       33
