  1:     0.048  0.952  0.000       21
  2:     0.000  1.000  0.000       36
  3:     0.091  0.864  0.045       66
  4:     0.096  0.827  0.077       52
  5:     0.085  0.817  0.099       71
  6:     0.022  0.978  0.000       46
  7:     0.000  0.966  0.034       58
  8:     0.034  0.931  0.034       58
  9:     0.030  0.970  0.000       33
 10:     0.000  0.963  0.037       27
 11:     0.080  0.880  0.040       25
 12:     0.000  0.935  0.065       31
 13:     0.000  1.000  0.000       52
 14:     0.000  1.000  0.000       57
 15:     0.024  0.976  0.000       42
 16:     0.048  0.929  0.024       42
 17:     0.000  0.960  0.040       25
 18:     0.184  0.816  0.000       38
 19:     0.200  0.629  0.171       35
 20:     0.158  0.754  0.088       57
 21:     0.125  0.750  0.125        8
 22:     0.185  0.611  0.204       54
 23:     0.053  0.880  0.067       75
 24:     0.120  0.740  0.140       50
 25:     0.095  0.857  0.048       42
 26:     0.262  0.667  0.071       42
 27:     0.852  0.037  0.111       27
 28:     0.741  0.074  0.185       27
 29:     0.839  0.036  0.125       56
 30:     0.845  0.000  0.155       58
 31:     0.902  0.049  0.049       41
 32:     1.000  0.000  0.000       26
 33:     0.804  0.196  0.000       51
 34:     0.839  0.000  0.161       31
 35:     0.904  0.019  0.077       52
 36:     0.953  0.000  0.047       43
 37:     0.913  0.043  0.043       23
 38:     0.952  0.000  0.048       42
 39:     0.951  0.049  0.000       41
 40:     0.909  0.030  0.061       33
 41:     0.923  0.038  0.038       26
 42:     0.943  0.029  0.029       35
 43:     1.000  0.000  0.000       22
 44:     0.692  0.096  0.212       52
 45:     0.732  0.073  0.195       41
 46:     0.370  0.022  0.609       46
 47:     0.158  0.000  0.842       38
 48:     0.121  0.000  0.879       58
 49:     0.109  0.018  0.873       55
 50:     0.016  0.033  0.951       61
 51:     0.171  0.029  0.800       35
 52:     0.043  0.000  0.957       23
 53:     0.096  0.038  0.865       52
 54:     0.000  0.045  0.955       22
 55:     0.029  0.000  0.971       35
 56:     0.071  0.000  0.929       14
 57:     0.024  0.000  0.976       42
 58:     0.026  0.051  0.923       39
 59:     0.036  0.018  0.946       56
 60:     0.020  0.041  0.939       49
 61:     0.000  0.000  1.000       27
 62:     0.000  0.000  1.000       41
 63:     0.000  0.000  1.000       33
