  1:     0.905  0.000  0.000  0.095  0.000  0.000       21
  2:     0.833  0.000  0.167  0.000  0.000  0.000       36
  3:     0.727  0.045  0.106  0.076  0.030  0.015       66
  4:     0.692  0.019  0.096  0.154  0.038  0.000       52
  5:     0.648  0.000  0.099  0.211  0.000  0.042       71
  6:     0.957  0.000  0.000  0.043  0.000  0.000       46
  7:     0.828  0.000  0.103  0.052  0.000  0.017       58
  8:     0.845  0.000  0.069  0.052  0.000  0.034       58
  9:     0.758  0.000  0.121  0.121  0.000  0.000       33
 10:     0.926  0.037  0.037  0.000  0.000  0.000       27
 11:     0.840  0.000  0.000  0.080  0.040  0.040       25
 12:     0.839  0.000  0.097  0.032  0.000  0.032       31
 13:     0.865  0.000  0.135  0.000  0.000  0.000       52
 14:     0.912  0.000  0.070  0.018  0.000  0.000       57
 15:     0.833  0.000  0.119  0.048  0.000  0.000       42
 16:     0.810  0.000  0.071  0.095  0.024  0.000       42
 17:     0.920  0.000  0.080  0.000  0.000  0.000       25
 18:     0.158  0.000  0.763  0.026  0.053  0.000       38
 19:     0.086  0.029  0.343  0.457  0.057  0.029       35
 20:     0.053  0.000  0.702  0.088  0.088  0.070       57
 21:     0.250  0.000  0.500  0.000  0.125  0.125        8
 22:     0.019  0.019  0.796  0.093  0.000  0.074       54
 23:     0.000  0.000  0.947  0.040  0.013  0.000       75
 24:     0.020  0.000  0.820  0.040  0.060  0.060       50
 25:     0.048  0.000  0.905  0.024  0.024  0.000       42
 26:     0.000  0.000  0.857  0.095  0.000  0.048       42
 27:     0.000  0.074  0.074  0.296  0.519  0.037       27
 28:     0.000  0.037  0.074  0.333  0.481  0.074       27
 29:     0.036  0.036  0.036  0.143  0.732  0.018       56
 30:     0.000  0.155  0.034  0.138  0.672  0.000       58
 31:     0.000  0.049  0.049  0.098  0.805  0.000       41
 32:     0.000  0.000  0.000  0.077  0.923  0.000       26
 33:     0.039  0.000  0.157  0.137  0.667  0.000       51
 34:     0.000  0.097  0.000  0.226  0.645  0.032       31
 35:     0.000  0.038  0.019  0.135  0.808  0.000       52
 36:     0.000  0.070  0.023  0.070  0.814  0.023       43
 37:     0.043  0.043  0.000  0.087  0.826  0.000       23
 38:     0.000  0.048  0.000  0.071  0.833  0.048       42
 39:     0.024  0.000  0.073  0.024  0.878  0.000       41
 40:     0.000  0.030  0.030  0.182  0.758  0.000       33
 41:     0.000  0.000  0.000  0.192  0.808  0.000       26
 42:     0.000  0.000  0.086  0.143  0.771  0.000       35
 43:     0.000  0.045  0.045  0.136  0.773  0.000       22
 44:     0.038  0.077  0.038  0.154  0.558  0.135       52
 45:     0.024  0.171  0.024  0.146  0.610  0.024       41
 46:     0.000  0.783  0.000  0.043  0.109  0.065       46
 47:     0.000  0.947  0.000  0.053  0.000  0.000       38
 48:     0.000  0.931  0.000  0.017  0.034  0.017       58
 49:     0.000  0.927  0.000  0.000  0.018  0.055       55
 50:     0.016  0.852  0.016  0.098  0.016  0.000       61
 51:     0.000  0.714  0.029  0.086  0.086  0.086       35
 52:     0.000  0.826  0.000  0.000  0.000  0.174       23
 53:     0.019  0.135  0.038  0.154  0.038  0.615       52
 54:     0.000  0.591  0.091  0.045  0.000  0.273       22
 55:     0.000  0.600  0.029  0.000  0.000  0.371       35
 56:     0.000  0.643  0.000  0.000  0.000  0.357       14
 57:     0.000  0.238  0.024  0.119  0.024  0.595       42
 58:     0.000  0.231  0.051  0.103  0.026  0.590       39
 59:     0.018  0.018  0.000  0.179  0.000  0.786       56
 60:     0.000  0.041  0.020  0.061  0.000  0.878       49
 61:     0.000  0.074  0.000  0.037  0.000  0.889       27
 62:     0.000  0.024  0.000  0.024  0.000  0.951       41
 63:     0.000  0.030  0.000  0.061  0.000  0.909       33
