  1:     0.000  0.952  0.000  0.048       21
  2:     0.000  0.972  0.000  0.028       36
  3:     0.045  0.864  0.015  0.076       66
  4:     0.038  0.808  0.077  0.077       52
  5:     0.014  0.845  0.127  0.014       71
  6:     0.000  0.978  0.000  0.022       46
  7:     0.000  0.966  0.034  0.000       58
  8:     0.017  0.914  0.052  0.017       58
  9:     0.000  0.970  0.000  0.030       33
 10:     0.037  0.963  0.000  0.000       27
 11:     0.000  0.840  0.040  0.120       25
 12:     0.000  0.935  0.065  0.000       31
 13:     0.000  1.000  0.000  0.000       52
 14:     0.000  1.000  0.000  0.000       57
 15:     0.000  0.976  0.000  0.024       42
 16:     0.024  0.952  0.000  0.024       42
 17:     0.000  0.960  0.040  0.000       25
 18:     0.000  0.789  0.000  0.211       38
 19:     0.143  0.571  0.200  0.086       35
 20:     0.053  0.667  0.105  0.175       57
 21:     0.000  0.750  0.125  0.125        8
 22:     0.167  0.519  0.093  0.222       54
 23:     0.080  0.880  0.000  0.040       75
 24:     0.000  0.760  0.120  0.120       50
 25:     0.071  0.833  0.000  0.095       42
 26:     0.000  0.738  0.071  0.190       42
 27:     0.296  0.037  0.111  0.556       27
 28:     0.185  0.074  0.074  0.667       27
 29:     0.125  0.036  0.054  0.786       56
 30:     0.190  0.000  0.034  0.776       58
 31:     0.049  0.049  0.024  0.878       41
 32:     0.038  0.000  0.038  0.923       26
 33:     0.020  0.196  0.000  0.784       51
 34:     0.129  0.000  0.032  0.839       31
 35:     0.058  0.019  0.019  0.904       52
 36:     0.070  0.000  0.000  0.930       43
 37:     0.000  0.000  0.087  0.913       23
 38:     0.024  0.000  0.048  0.929       42
 39:     0.024  0.024  0.000  0.951       41
 40:     0.030  0.030  0.030  0.909       33
 41:     0.000  0.038  0.038  0.923       26
 42:     0.057  0.029  0.000  0.914       35
 43:     0.045  0.000  0.000  0.955       22
 44:     0.058  0.077  0.212  0.654       52
 45:     0.220  0.073  0.024  0.683       41
 46:     0.783  0.000  0.130  0.087       46
 47:     0.974  0.000  0.026  0.000       38
 48:     0.966  0.000  0.000  0.034       58
 49:     0.945  0.000  0.036  0.018       55
 50:     0.918  0.016  0.049  0.016       61
 51:     0.800  0.000  0.114  0.086       35
 52:     0.783  0.000  0.217  0.000       23
 53:     0.231  0.038  0.654  0.077       52
 54:     0.773  0.000  0.182  0.045       22
 55:     0.657  0.000  0.343  0.000       35
 56:     0.714  0.000  0.286  0.000       14
 57:     0.238  0.000  0.714  0.048       42
 58:     0.282  0.000  0.667  0.051       39
 59:     0.036  0.018  0.929  0.018       56
 60:     0.041  0.000  0.939  0.020       49
 61:     0.074  0.000  0.926  0.000       27
 62:     0.024  0.000  0.976  0.000       41
 63:     0.030  0.000  0.970  0.000       33
