  1:     0.000  0.048  0.000  0.952       21
  2:     0.000  0.028  0.000  0.972       36
  3:     0.015  0.121  0.045  0.818       66
  4:     0.058  0.077  0.058  0.808       52
  5:     0.127  0.014  0.014  0.845       71
  6:     0.000  0.022  0.000  0.978       46
  7:     0.034  0.000  0.000  0.966       58
  8:     0.052  0.034  0.017  0.897       58
  9:     0.000  0.061  0.030  0.909       33
 10:     0.037  0.000  0.037  0.926       27
 11:     0.040  0.080  0.000  0.880       25
 12:     0.065  0.000  0.000  0.935       31
 13:     0.000  0.000  0.000  1.000       52
 14:     0.000  0.000  0.000  1.000       57
 15:     0.000  0.024  0.000  0.976       42
 16:     0.000  0.024  0.024  0.952       42
 17:     0.040  0.000  0.000  0.960       25
 18:     0.000  0.211  0.000  0.789       38
 19:     0.114  0.143  0.114  0.629       35
 20:     0.123  0.193  0.053  0.632       57
 21:     0.125  0.125  0.000  0.750        8
 22:     0.074  0.204  0.204  0.519       54
 23:     0.000  0.053  0.067  0.880       75
 24:     0.100  0.120  0.040  0.740       50
 25:     0.000  0.095  0.095  0.810       42
 26:     0.048  0.262  0.143  0.548       42
 27:     0.037  0.630  0.296  0.037       27
 28:     0.074  0.667  0.185  0.074       27
 29:     0.000  0.875  0.089  0.036       56
 30:     0.034  0.810  0.155  0.000       58
 31:     0.024  0.854  0.073  0.049       41
 32:     0.000  0.962  0.038  0.000       26
 33:     0.000  0.824  0.020  0.157       51
 34:     0.032  0.806  0.129  0.032       31
 35:     0.000  0.904  0.077  0.019       52
 36:     0.000  0.930  0.070  0.000       43
 37:     0.043  0.913  0.000  0.043       23
 38:     0.048  0.929  0.024  0.000       42
 39:     0.000  0.976  0.000  0.024       41
 40:     0.030  0.879  0.030  0.061       33
 41:     0.038  0.923  0.000  0.038       26
 42:     0.029  0.914  0.029  0.029       35
 43:     0.000  0.955  0.045  0.000       22
 44:     0.192  0.654  0.077  0.077       52
 45:     0.024  0.756  0.146  0.073       41
 46:     0.109  0.152  0.739  0.000       46
 47:     0.026  0.053  0.921  0.000       38
 48:     0.000  0.034  0.966  0.000       58
 49:     0.018  0.036  0.945  0.000       55
 50:     0.033  0.016  0.918  0.033       61
 51:     0.143  0.086  0.771  0.000       35
 52:     0.217  0.000  0.783  0.000       23
 53:     0.673  0.038  0.250  0.038       52
 54:     0.227  0.000  0.773  0.000       22
 55:     0.314  0.000  0.686  0.000       35
 56:     0.214  0.000  0.786  0.000       14
 57:     0.595  0.048  0.357  0.000       42
 58:     0.564  0.077  0.359  0.000       39
 59:     0.929  0.018  0.036  0.018       56
 60:     0.918  0.020  0.061  0.000       49
 61:     0.926  0.000  0.074  0.000       27
 62:     0.976  0.000  0.024  0.000       41
 63:     0.970  0.000  0.030  0.000       33
