  1:     0.952  0.048  0.000       21
  2:     0.972  0.028  0.000       36
  3:     0.864  0.091  0.045       66
  4:     0.827  0.096  0.077       52
  5:     0.845  0.042  0.113       71
  6:     0.978  0.022  0.000       46
  7:     0.983  0.000  0.017       58
  8:     0.931  0.034  0.034       58
  9:     0.970  0.030  0.000       33
 10:     1.000  0.000  0.000       27
 11:     0.880  0.080  0.040       25
 12:     0.935  0.000  0.065       31
 13:     1.000  0.000  0.000       52
 14:     1.000  0.000  0.000       57
 15:     0.976  0.024  0.000       42
 16:     0.952  0.024  0.024       42
 17:     0.960  0.040  0.000       25
 18:     0.789  0.211  0.000       38
 19:     0.629  0.171  0.200       35
 20:     0.772  0.140  0.088       57
 21:     0.750  0.125  0.125        8
 22:     0.611  0.259  0.130       54
 23:     0.893  0.040  0.067       75
 24:     0.760  0.120  0.120       50
 25:     0.857  0.119  0.024       42
 26:     0.690  0.238  0.071       42
 27:     0.074  0.778  0.148       27
 28:     0.074  0.741  0.185       27
 29:     0.054  0.804  0.143       56
 30:     0.000  0.845  0.155       58
 31:     0.049  0.902  0.049       41
 32:     0.038  0.962  0.000       26
 33:     0.176  0.824  0.000       51
 34:     0.000  0.839  0.161       31
 35:     0.019  0.904  0.077       52
 36:     0.000  0.953  0.047       43
 37:     0.043  0.913  0.043       23
 38:     0.000  0.952  0.048       42
 39:     0.024  0.976  0.000       41
 40:     0.030  0.939  0.030       33
 41:     0.038  0.923  0.038       26
 42:     0.029  0.914  0.057       35
 43:     0.000  1.000  0.000       22
 44:     0.077  0.827  0.096       52
 45:     0.073  0.854  0.073       41
 46:     0.022  0.391  0.587       46
 47:     0.000  0.184  0.816       38
 48:     0.000  0.138  0.862       58
 49:     0.000  0.345  0.655       55
 50:     0.033  0.098  0.869       61
 51:     0.029  0.229  0.743       35
 52:     0.000  0.087  0.913       23
 53:     0.038  0.077  0.885       52
 54:     0.045  0.045  0.909       22
 55:     0.000  0.029  0.971       35
 56:     0.000  0.071  0.929       14
 57:     0.000  0.024  0.976       42
 58:     0.051  0.026  0.923       39
 59:     0.018  0.036  0.946       56
 60:     0.041  0.020  0.939       49
 61:     0.000  0.000  1.000       27
 62:     0.000  0.000  1.000       41
 63:     0.000  0.000  1.000       33
