  1:     0.048  0.952  0.000  0.000  0.000  0.000       21
  2:     0.000  0.944  0.056  0.000  0.000  0.000       36
  3:     0.045  0.818  0.045  0.015  0.061  0.015       66
  4:     0.058  0.808  0.019  0.038  0.038  0.038       52
  5:     0.000  0.803  0.070  0.085  0.042  0.000       71
  6:     0.022  0.978  0.000  0.000  0.000  0.000       46
  7:     0.000  0.966  0.000  0.017  0.017  0.000       58
  8:     0.000  0.897  0.017  0.052  0.034  0.000       58
  9:     0.030  0.848  0.030  0.000  0.091  0.000       33
 10:     0.000  0.963  0.000  0.000  0.000  0.037       27
 11:     0.040  0.880  0.080  0.000  0.000  0.000       25
 12:     0.032  0.935  0.000  0.032  0.000  0.000       31
 13:     0.000  0.981  0.000  0.000  0.019  0.000       52
 14:     0.018  0.982  0.000  0.000  0.000  0.000       57
 15:     0.048  0.929  0.000  0.000  0.024  0.000       42
 16:     0.095  0.857  0.000  0.000  0.048  0.000       42
 17:     0.000  0.960  0.000  0.000  0.040  0.000       25
 18:     0.158  0.737  0.079  0.000  0.026  0.000       38
 19:     0.143  0.286  0.000  0.057  0.514  0.000       35
 20:     0.105  0.491  0.193  0.088  0.123  0.000       57
 21:     0.125  0.625  0.125  0.000  0.000  0.125        8
 22:     0.130  0.389  0.185  0.056  0.167  0.074       54
 23:     0.093  0.680  0.120  0.000  0.093  0.013       75
 24:     0.040  0.640  0.160  0.060  0.040  0.060       50
 25:     0.048  0.786  0.024  0.000  0.095  0.048       42
 26:     0.167  0.429  0.143  0.024  0.214  0.024       42
 27:     0.481  0.037  0.185  0.111  0.185  0.000       27
 28:     0.519  0.074  0.148  0.000  0.148  0.111       27
 29:     0.393  0.018  0.357  0.000  0.161  0.071       56
 30:     0.466  0.000  0.293  0.017  0.086  0.138       58
 31:     0.561  0.024  0.317  0.000  0.049  0.049       41
 32:     0.962  0.000  0.000  0.038  0.000  0.000       26
 33:     0.569  0.176  0.235  0.000  0.020  0.000       51
 34:     0.226  0.000  0.484  0.032  0.161  0.097       31
 35:     0.481  0.000  0.423  0.000  0.058  0.038       52
 36:     0.256  0.000  0.698  0.000  0.023  0.023       43
 37:     0.435  0.000  0.478  0.043  0.000  0.043       23
 38:     0.381  0.000  0.500  0.000  0.071  0.048       42
 39:     0.756  0.024  0.195  0.000  0.024  0.000       41
 40:     0.182  0.000  0.697  0.000  0.091  0.030       33
 41:     0.231  0.038  0.615  0.000  0.115  0.000       26
 42:     0.371  0.029  0.514  0.000  0.086  0.000       35
 43:     0.364  0.045  0.545  0.000  0.000  0.045       22
 44:     0.308  0.058  0.212  0.077  0.346  0.000       52
 45:     0.146  0.049  0.610  0.024  0.146  0.024       41
 46:     0.043  0.000  0.043  0.000  0.761  0.152       46
 47:     0.026  0.000  0.053  0.026  0.263  0.632       38
 48:     0.034  0.000  0.034  0.017  0.172  0.741       58
 49:     0.036  0.000  0.127  0.018  0.073  0.745       55
 50:     0.000  0.016  0.049  0.000  0.213  0.721       61
 51:     0.057  0.000  0.171  0.057  0.171  0.543       35
 52:     0.000  0.000  0.043  0.130  0.130  0.696       23
 53:     0.058  0.019  0.019  0.481  0.173  0.250       52
 54:     0.000  0.000  0.045  0.091  0.045  0.818       22
 55:     0.000  0.000  0.000  0.229  0.000  0.771       35
 56:     0.000  0.000  0.071  0.214  0.000  0.714       14
 57:     0.024  0.000  0.095  0.405  0.119  0.357       42
 58:     0.000  0.000  0.103  0.436  0.205  0.256       39
 59:     0.018  0.018  0.071  0.821  0.071  0.000       56
 60:     0.000  0.000  0.000  0.837  0.122  0.041       49
 61:     0.000  0.000  0.000  0.926  0.000  0.074       27
 62:     0.000  0.000  0.024  0.927  0.024  0.024       41
 63:     0.000  0.000  0.000  0.909  0.091  0.000       33
