  1:     0.048  0.000  0.000  0.952       21
  2:     0.028  0.000  0.000  0.972       36
  3:     0.076  0.045  0.015  0.864       66
  4:     0.077  0.038  0.077  0.808       52
  5:     0.014  0.014  0.127  0.845       71
  6:     0.022  0.000  0.000  0.978       46
  7:     0.000  0.000  0.034  0.966       58
  8:     0.017  0.017  0.052  0.914       58
  9:     0.030  0.000  0.000  0.970       33
 10:     0.000  0.037  0.000  0.963       27
 11:     0.120  0.000  0.040  0.840       25
 12:     0.000  0.000  0.065  0.935       31
 13:     0.000  0.000  0.000  1.000       52
 14:     0.000  0.000  0.000  1.000       57
 15:     0.024  0.000  0.024  0.952       42
 16:     0.024  0.024  0.000  0.952       42
 17:     0.000  0.000  0.040  0.960       25
 18:     0.211  0.000  0.000  0.789       38
 19:     0.086  0.143  0.171  0.600       35
 20:     0.211  0.018  0.105  0.667       57
 21:     0.125  0.000  0.125  0.750        8
 22:     0.204  0.185  0.093  0.519       54
 23:     0.053  0.067  0.013  0.867       75
 24:     0.120  0.000  0.120  0.760       50
 25:     0.119  0.048  0.000  0.833       42
 26:     0.214  0.000  0.071  0.714       42
 27:     0.630  0.148  0.185  0.037       27
 28:     0.667  0.185  0.074  0.074       27
 29:     0.839  0.089  0.036  0.036       56
 30:     0.810  0.155  0.034  0.000       58
 31:     0.878  0.049  0.024  0.049       41
 32:     0.923  0.038  0.038  0.000       26
 33:     0.784  0.020  0.000  0.196       51
 34:     0.806  0.161  0.032  0.000       31
 35:     0.923  0.058  0.000  0.019       52
 36:     0.907  0.070  0.023  0.000       43
 37:     0.913  0.000  0.087  0.000       23
 38:     0.929  0.024  0.048  0.000       42
 39:     0.951  0.024  0.000  0.024       41
 40:     0.879  0.030  0.030  0.061       33
 41:     0.923  0.000  0.038  0.038       26
 42:     0.914  0.029  0.029  0.029       35
 43:     0.955  0.045  0.000  0.000       22
 44:     0.596  0.077  0.231  0.096       52
 45:     0.756  0.146  0.024  0.073       41
 46:     0.152  0.739  0.109  0.000       46
 47:     0.026  0.947  0.026  0.000       38
 48:     0.034  0.966  0.000  0.000       58
 49:     0.018  0.945  0.036  0.000       55
 50:     0.016  0.918  0.033  0.033       61
 51:     0.086  0.743  0.171  0.000       35
 52:     0.000  0.870  0.130  0.000       23
 53:     0.077  0.250  0.635  0.038       52
 54:     0.045  0.727  0.227  0.000       22
 55:     0.000  0.657  0.343  0.000       35
 56:     0.000  0.714  0.286  0.000       14
 57:     0.048  0.333  0.619  0.000       42
 58:     0.077  0.256  0.667  0.000       39
 59:     0.018  0.036  0.929  0.018       56
 60:     0.020  0.061  0.918  0.000       49
 61:     0.000  0.074  0.926  0.000       27
 62:     0.000  0.024  0.976  0.000       41
 63:     0.000  0.030  0.970  0.000       33
