  1:     0.031  0.000  0.968       21
  2:     0.044  0.001  0.956       36
  3:     0.095  0.045  0.860       66
  4:     0.093  0.082  0.825       52
  5:     0.067  0.098  0.836       71
  6:     0.028  0.001  0.971       46
  7:     0.009  0.013  0.978       58
  8:     0.036  0.042  0.921       58
  9:     0.064  0.009  0.927       33
 10:     0.003  0.023  0.975       27
 11:     0.102  0.036  0.862       25
 12:     0.018  0.048  0.934       31
 13:     0.017  0.001  0.982       52
 14:     0.029  0.002  0.969       57
 15:     0.033  0.008  0.959       42
 16:     0.055  0.020  0.925       42
 17:     0.024  0.014  0.962       25
 18:     0.216  0.004  0.780       38
 19:     0.255  0.210  0.536       35
 20:     0.249  0.098  0.653       57
 21:     0.235  0.124  0.641        8
 22:     0.315  0.166  0.519       54
 23:     0.143  0.054  0.803       75
 24:     0.171  0.127  0.702       50
 25:     0.154  0.032  0.814       42
 26:     0.280  0.086  0.634       42
 27:     0.726  0.224  0.050       27
 28:     0.720  0.189  0.092       27
 29:     0.833  0.105  0.062       56
 30:     0.842  0.144  0.014       58
 31:     0.896  0.064  0.040       41
 32:     0.965  0.016  0.019       26
 33:     0.794  0.016  0.190       51
 34:     0.859  0.131  0.010       31
 35:     0.915  0.067  0.018       52
 36:     0.944  0.049  0.008       43
 37:     0.906  0.049  0.045       23
 38:     0.909  0.076  0.015       42
 39:     0.933  0.007  0.060       41
 40:     0.911  0.055  0.034       33
 41:     0.910  0.051  0.039       26
 42:     0.900  0.049  0.051       35
 43:     0.967  0.017  0.017       22
 44:     0.742  0.169  0.088       52
 45:     0.837  0.089  0.074       41
 46:     0.393  0.588  0.020       46
 47:     0.222  0.772  0.006       38
 48:     0.190  0.801  0.009       58
 49:     0.352  0.634  0.014       55
 50:     0.139  0.834  0.027       61
 51:     0.264  0.706  0.031       35
 52:     0.125  0.875  0.000       23
 53:     0.075  0.875  0.050       52
 54:     0.093  0.891  0.016       22
 55:     0.035  0.960  0.005       35
 56:     0.118  0.881  0.001       14
 57:     0.049  0.941  0.009       42
 58:     0.066  0.898  0.036       39
 59:     0.082  0.890  0.027       56
 60:     0.033  0.933  0.034       49
 61:     0.004  0.995  0.001       27
 62:     0.007  0.983  0.011       41
 63:     0.001  0.999  0.000       33
