1 4_1 (0) 1 :  0.000 0.079 0.000 0.000 0.921
2 6_2 (0) 1 :  0.000 0.000 0.000 0.000 1.000
3 10_3 (0) 1 :  0.000 0.022 0.000 0.000 0.978
4 11_4 (0) 1 :  0.000 0.002 0.000 0.000 0.998
5 12_5 (0) 1 :  0.000 0.000 0.000 0.000 1.000
6 13_6 (0) 1 :  0.000 0.011 0.000 0.000 0.988
7 18_7 (6) 1 :  0.000 0.085 0.003 0.000 0.912
8 19_8 (0) 1 :  0.000 0.121 0.000 0.000 0.879
9 20_9 (0) 1 :  0.000 0.000 0.000 0.000 1.000
10 21_10 (0) 1 :  0.001 0.010 0.008 0.000 0.981
11 22_11 (6) 1 :  0.000 0.023 0.004 0.000 0.972
12 24_12 (20) 1 :  0.002 0.032 0.020 0.003 0.942
13 26_13 (0) 1 :  0.006 0.051 0.446 0.000 0.496
14 31_14 (0) 1 :  0.000 0.002 0.000 0.000 0.998
15 33_15 (6) 1 :  0.000 0.013 0.000 0.000 0.987
16 34_16 (6) 1 :  0.000 0.014 0.000 0.000 0.986
17 37_17 (0) 1 :  0.000 0.000 0.000 0.000 1.000
18 38_18 (0) 1 :  0.000 0.000 0.000 0.000 1.000
19 39_19 (0) 1 :  0.000 0.003 0.000 0.000 0.997
20 46_20 (0) 1 :  0.000 0.153 0.000 0.000 0.847
21 48_21 (6) 1 :  0.000 0.004 0.000 0.000 0.996
22 1_22 (13) 2 :  0.000 0.000 0.000 0.000 1.000
23 2_23 (6) 2 :  0.000 0.013 0.000 0.000 0.987
24 3_24 (0) 2 :  0.000 0.261 0.000 0.000 0.739
25 4_25 (0) 2 :  0.000 0.009 0.000 0.000 0.991
26 6_26 (0) 2 :  0.000 0.681 0.025 0.000 0.294
27 7_27 (6) 2 :  0.081 0.608 0.027 0.000 0.284
28 8_28 (26) 2 :  0.000 0.082 0.000 0.000 0.918
29 9_29 (26) 2 :  0.000 0.560 0.000 0.000 0.440
30 10_30 (0) 2 :  0.003 0.338 0.000 0.000 0.659
31 11_31 (26) 2 :  0.003 0.780 0.201 0.000 0.016
32 12_32 (0) 2 :  0.001 0.379 0.000 0.000 0.620
33 13_33 (0) 2 :  0.000 0.018 0.000 0.000 0.982
34 14_34 (13) 2 :  0.000 0.437 0.003 0.002 0.558
35 16_35 (13) 2 :  0.000 0.007 0.001 0.000 0.992
36 17_36 (6) 2 :  0.006 0.697 0.009 0.000 0.288
37 18_37 (13) 2 :  0.001 0.538 0.001 0.000 0.460
38 19_38 (13) 2 :  0.000 0.075 0.000 0.000 0.925
39 21_39 (6) 2 :  0.001 0.527 0.111 0.000 0.360
40 22_40 (0) 2 :  0.000 0.504 0.000 0.000 0.496
41 24_41 (0) 2 :  0.000 0.080 0.000 0.000 0.920
42 25_42 (6) 2 :  0.000 0.001 0.000 0.000 0.999
43 26_43 (20) 2 :  0.000 0.147 0.002 0.000 0.851
44 27_44 (0) 2 :  0.000 0.039 0.000 0.000 0.961
45 28_45 (0) 2 :  0.000 0.000 0.000 0.000 0.999
46 30_46 (0) 2 :  0.000 0.043 0.000 0.000 0.957
47 31_47 (0) 2 :  0.000 0.023 0.002 0.000 0.975
48 32_48 (13) 2 :  0.009 0.695 0.000 0.006 0.290
49 33_49 (0) 2 :  0.000 0.049 0.000 0.000 0.951
50 36_50 (6) 2 :  0.000 0.008 0.000 0.000 0.992
51 37_51 (0) 2 :  0.000 0.915 0.000 0.000 0.085
52 38_52 (0) 2 :  0.008 0.325 0.000 0.000 0.667
53 39_53 (13) 2 :  0.001 0.479 0.003 0.000 0.517
54 41_54 (0) 2 :  0.000 0.484 0.000 0.000 0.515
55 45_55 (0) 2 :  0.000 0.126 0.011 0.000 0.863
56 46_56 (0) 2 :  0.000 0.016 0.000 0.000 0.984
57 47_57 (6) 2 :  0.000 0.088 0.000 0.000 0.912
58 1_58 (6) 3 :  0.000 0.000 0.000 0.000 1.000
59 2_59 (13) 3 :  0.095 0.044 0.591 0.003 0.267
60 3_60 (13) 3 :  0.000 0.364 0.000 0.000 0.635
61 5_61 (6) 3 :  0.000 0.017 0.001 0.000 0.983
62 7_62 (13) 3 :  0.000 0.043 0.001 0.000 0.955
63 9_63 (13) 3 :  0.000 0.550 0.016 0.000 0.434
64 10_64 (13) 3 :  0.000 0.010 0.000 0.000 0.990
65 11_65 (46) 3 :  0.002 0.039 0.001 0.001 0.958
66 14_66 (80) 3 :  0.002 0.306 0.083 0.000 0.608
67 15_67 (6) 3 :  0.000 0.033 0.000 0.000 0.967
68 16_68 (20) 3 :  0.000 0.226 0.000 0.000 0.774
69 17_69 (73) 3 :  0.045 0.536 0.064 0.153 0.202
70 18_70 (20) 3 :  0.000 0.089 0.002 0.001 0.909
71 20_71 (20) 3 :  0.000 0.442 0.044 0.001 0.513
72 21_72 (13) 3 :  0.000 0.000 0.000 0.000 1.000
73 22_73 (6) 3 :  0.000 0.015 0.036 0.000 0.949
74 23_74 (6) 3 :  0.000 0.055 0.000 0.000 0.944
75 24_75 (13) 3 :  0.000 0.000 0.000 0.000 1.000
76 25_76 (26) 3 :  0.000 0.229 0.002 0.000 0.768
77 26_77 (53) 3 :  0.001 0.717 0.280 0.000 0.002
78 27_78 (26) 3 :  0.000 0.065 0.001 0.000 0.934
79 28_79 (20) 3 :  0.000 0.473 0.030 0.004 0.493
80 29_80 (13) 3 :  0.000 0.007 0.000 0.000 0.993
81 30_81 (13) 3 :  0.000 0.008 0.000 0.000 0.992
82 31_82 (6) 3 :  0.000 0.002 0.000 0.001 0.997
83 32_83 (20) 3 :  0.000 0.000 0.000 0.000 1.000
84 33_84 (26) 3 :  0.000 0.528 0.030 0.000 0.441
85 34_85 (46) 3 :  0.052 0.771 0.033 0.003 0.141
86 36_86 (73) 3 :  0.474 0.047 0.014 0.309 0.156
87 38_87 (26) 3 :  0.000 0.008 0.004 0.000 0.988
88 39_88 (60) 3 :  0.000 0.916 0.078 0.002 0.005
89 40_89 (33) 3 :  0.000 0.004 0.000 0.000 0.996
90 41_90 (73) 3 :  0.000 0.012 0.001 0.000 0.986
91 42_91 (6) 3 :  0.031 0.056 0.004 0.000 0.908
92 43_92 (13) 3 :  0.000 0.015 0.000 0.000 0.984
93 44_93 (33) 3 :  0.004 0.197 0.303 0.107 0.389
94 46_94 (86) 3 :  0.063 0.018 0.020 0.889 0.009
95 47_95 (26) 3 :  0.539 0.050 0.336 0.047 0.029
96 48_96 (33) 3 :  0.000 0.002 0.000 0.000 0.998
97 50_97 (6) 3 :  0.000 0.184 0.000 0.000 0.815
98 52_98 (0) 3 :  0.000 0.003 0.000 0.000 0.997
99 54_99 (26) 3 :  0.017 0.037 0.433 0.019 0.494
100 55_100 (13) 3 :  0.000 0.000 0.000 0.000 1.000
101 56_101 (0) 3 :  0.000 0.018 0.000 0.000 0.982
102 57_102 (13) 3 :  0.000 0.005 0.000 0.000 0.995
103 58_103 (6) 3 :  0.000 0.018 0.057 0.000 0.925
104 59_104 (6) 3 :  0.000 0.000 0.000 0.000 1.000
105 60_105 (0) 3 :  0.000 0.003 0.000 0.000 0.997
106 63_106 (0) 3 :  0.000 0.000 0.000 0.000 1.000
107 64_107 (0) 3 :  0.000 0.000 0.000 0.000 1.000
108 65_108 (0) 3 :  0.000 0.023 0.000 0.000 0.977
109 66_109 (6) 3 :  0.000 0.001 0.001 0.000 0.998
110 67_110 (6) 3 :  0.000 0.071 0.000 0.000 0.929
111 69_111 (0) 3 :  0.000 0.049 0.000 0.000 0.950
112 73_112 (20) 3 :  0.002 0.015 0.000 0.000 0.983
113 76_113 (6) 3 :  0.000 0.004 0.000 0.000 0.996
114 78_114 (20) 3 :  0.000 0.002 0.000 0.000 0.998
115 80_115 (6) 3 :  0.000 0.015 0.229 0.000 0.757
116 81_116 (0) 3 :  0.000 0.003 0.000 0.000 0.997
117 82_117 (93) 3 :  0.150 0.150 0.315 0.143 0.241
118 83_118 (6) 3 :  0.000 0.000 0.000 0.000 1.000
119 84_119 (6) 3 :  0.006 0.025 0.011 0.000 0.958
120 85_120 (26) 3 :  0.000 0.001 0.000 0.000 0.999
121 86_121 (6) 3 :  0.001 0.117 0.106 0.000 0.776
122 87_122 (0) 3 :  0.000 0.022 0.023 0.000 0.955
123 88_123 (6) 3 :  0.813 0.139 0.014 0.000 0.034
124 1_124 (33) 4 :  0.002 0.226 0.042 0.243 0.487
125 3_125 (0) 4 :  0.928 0.010 0.026 0.034 0.001
126 5_126 (6) 4 :  0.000 0.013 0.001 0.000 0.986
127 8_127 (13) 4 :  0.023 0.968 0.009 0.000 0.000
128 9_128 (13) 4 :  0.000 0.013 0.001 0.000 0.986
129 10_129 (13) 4 :  0.004 0.825 0.133 0.035 0.003
130 11_130 (6) 4 :  0.000 0.011 0.001 0.000 0.988
131 12_131 (0) 4 :  0.000 0.565 0.003 0.170 0.263
132 13_132 (6) 4 :  0.000 0.002 0.000 0.000 0.998
133 15_133 (13) 4 :  0.000 0.163 0.000 0.000 0.837
134 16_134 (6) 4 :  0.000 0.000 0.000 0.000 1.000
135 18_135 (0) 4 :  0.000 0.003 0.000 0.000 0.997
136 19_136 (6) 4 :  0.000 0.021 0.858 0.002 0.118
137 20_137 (0) 4 :  0.000 0.000 0.000 0.000 0.999
138 21_138 (0) 4 :  0.000 0.137 0.000 0.000 0.863
139 22_139 (0) 4 :  0.000 0.001 0.001 0.000 0.998
140 23_140 (0) 4 :  0.000 0.003 0.000 0.000 0.997
141 24_141 (6) 4 :  0.020 0.142 0.289 0.119 0.430
142 25_142 (6) 4 :  0.000 0.000 0.000 0.000 1.000
143 26_143 (0) 4 :  0.000 0.067 0.007 0.000 0.925
144 27_144 (0) 4 :  0.000 0.018 0.000 0.000 0.982
145 28_145 (0) 4 :  0.003 0.840 0.001 0.000 0.157
146 29_146 (0) 4 :  0.638 0.038 0.002 0.309 0.013
147 30_147 (0) 4 :  0.000 0.005 0.000 0.000 0.995
148 31_148 (0) 4 :  0.000 0.002 0.000 0.000 0.998
149 32_149 (0) 4 :  0.000 0.019 0.000 0.001 0.980
150 33_150 (0) 4 :  0.000 0.980 0.000 0.000 0.019
151 34_151 (6) 4 :  0.000 0.018 0.000 0.000 0.982
152 35_152 (6) 4 :  0.254 0.004 0.000 0.741 0.000
153 36_153 (0) 4 :  0.219 0.128 0.481 0.155 0.017
154 37_154 (0) 4 :  0.000 0.037 0.000 0.000 0.963
155 38_155 (6) 4 :  0.000 0.001 0.000 0.000 0.999
156 39_156 (0) 4 :  0.000 0.137 0.002 0.000 0.862
157 41_157 (6) 4 :  0.000 0.048 0.001 0.000 0.950
158 42_158 (0) 4 :  0.000 0.153 0.000 0.763 0.083
159 44_159 (6) 4 :  0.000 0.081 0.001 0.000 0.918
160 46_160 (6) 4 :  0.000 0.005 0.000 0.000 0.995
161 47_161 (0) 4 :  0.000 0.215 0.001 0.001 0.784
162 50_162 (6) 4 :  0.001 0.188 0.074 0.000 0.737
163 51_163 (0) 4 :  0.000 0.000 0.000 0.000 1.000
164 53_164 (0) 4 :  0.000 0.001 0.645 0.069 0.285
165 54_165 (0) 4 :  0.000 0.006 0.000 0.000 0.994
166 55_166 (6) 4 :  0.000 0.005 0.000 0.000 0.994
167 56_167 (0) 4 :  0.013 0.199 0.005 0.579 0.205
168 57_168 (0) 4 :  0.000 0.014 0.000 0.000 0.986
169 58_169 (0) 4 :  0.000 0.001 0.000 0.000 0.999
170 59_170 (0) 4 :  0.000 0.024 0.001 0.000 0.976
171 60_171 (0) 4 :  0.000 0.003 0.000 0.000 0.997
172 61_172 (0) 4 :  0.000 0.092 0.001 0.000 0.907
173 62_173 (0) 4 :  0.000 0.080 0.000 0.000 0.920
174 63_174 (0) 4 :  0.000 0.969 0.000 0.015 0.015
175 64_175 (0) 4 :  0.000 0.004 0.000 0.000 0.996
176 1_176 (0) 5 :  0.000 0.003 0.000 0.000 0.997
177 2_177 (0) 5 :  0.016 0.755 0.030 0.001 0.199
178 4_178 (6) 5 :  0.000 0.849 0.015 0.000 0.136
179 5_179 (13) 5 :  0.000 0.003 0.000 0.000 0.997
180 8_180 (0) 5 :  0.000 0.221 0.001 0.002 0.777
181 9_181 (0) 5 :  0.017 0.091 0.174 0.039 0.679
182 11_182 (0) 5 :  0.001 0.040 0.073 0.015 0.872
183 13_183 (0) 5 :  0.000 0.022 0.000 0.000 0.978
184 15_184 (0) 5 :  0.000 0.081 0.000 0.000 0.919
185 17_185 (0) 5 :  0.000 0.001 0.000 0.000 0.999
186 18_186 (0) 5 :  0.000 0.002 0.000 0.000 0.998
187 19_187 (0) 5 :  0.000 0.006 0.000 0.000 0.994
188 20_188 (0) 5 :  0.001 0.225 0.264 0.509 0.001
189 21_189 (0) 5 :  0.019 0.010 0.267 0.688 0.016
190 22_190 (6) 5 :  0.001 0.025 0.016 0.958 0.000
191 23_191 (0) 5 :  0.000 0.011 0.000 0.000 0.988
192 25_192 (0) 5 :  0.001 0.045 0.739 0.000 0.214
193 26_193 (0) 5 :  0.000 0.004 0.000 0.000 0.996
194 29_194 (13) 5 :  0.000 0.005 0.002 0.000 0.993
195 30_195 (0) 5 :  0.000 0.982 0.000 0.000 0.018
196 31_196 (0) 5 :  0.000 0.009 0.000 0.000 0.991
197 32_197 (0) 5 :  0.000 0.884 0.001 0.000 0.115
198 33_198 (6) 5 :  0.000 0.004 0.000 0.000 0.996
199 34_199 (0) 5 :  0.000 0.994 0.000 0.001 0.005
200 35_200 (0) 5 :  0.000 0.003 0.000 0.000 0.997
201 36_201 (0) 5 :  0.000 0.009 0.003 0.000 0.988
202 38_202 (0) 5 :  0.000 0.000 0.000 0.000 1.000
203 39_203 (13) 5 :  0.000 0.148 0.000 0.008 0.845
204 40_204 (0) 5 :  0.000 0.203 0.000 0.000 0.796
205 41_205 (6) 5 :  0.032 0.016 0.018 0.215 0.720
206 42_206 (0) 5 :  0.000 0.611 0.000 0.000 0.389
207 43_207 (6) 5 :  0.000 0.089 0.000 0.000 0.911
208 44_208 (6) 5 :  0.003 0.451 0.014 0.055 0.477
209 46_209 (0) 5 :  0.000 0.057 0.000 0.000 0.943
210 47_210 (0) 5 :  0.000 0.000 0.000 0.000 1.000
211 49_211 (6) 5 :  0.001 0.378 0.003 0.001 0.617
212 50_212 (6) 5 :  0.000 0.142 0.000 0.000 0.858
213 51_213 (6) 5 :  0.000 0.117 0.001 0.041 0.841
214 53_214 (0) 5 :  0.025 0.014 0.000 0.961 0.000
215 54_215 (0) 5 :  0.000 0.000 0.000 0.000 1.000
216 55_216 (0) 5 :  0.000 0.627 0.003 0.000 0.370
217 56_217 (0) 5 :  0.000 0.011 0.000 0.000 0.989
218 57_218 (6) 5 :  0.000 0.093 0.000 0.000 0.907
219 58_219 (0) 5 :  0.000 0.002 0.000 0.000 0.998
220 59_220 (6) 5 :  0.000 0.016 0.000 0.000 0.984
221 60_221 (0) 5 :  0.001 0.483 0.000 0.165 0.350
222 61_222 (0) 5 :  0.001 0.002 0.000 0.991 0.007
223 62_223 (6) 5 :  0.000 0.390 0.017 0.000 0.593
224 63_224 (6) 5 :  0.000 0.003 0.000 0.000 0.997
225 65_225 (0) 5 :  0.004 0.001 0.004 0.951 0.039
226 66_226 (0) 5 :  0.000 0.001 0.000 0.000 0.999
227 67_227 (13) 5 :  0.000 0.217 0.014 0.000 0.770
228 68_228 (0) 5 :  0.000 0.451 0.002 0.002 0.545
229 71_229 (13) 5 :  0.000 0.020 0.001 0.000 0.979
230 72_230 (0) 5 :  0.000 0.008 0.006 0.000 0.985
231 73_231 (6) 5 :  0.000 0.240 0.031 0.001 0.729
232 74_232 (13) 5 :  0.345 0.547 0.099 0.003 0.007
233 75_233 (0) 5 :  0.019 0.082 0.003 0.832 0.065
234 76_234 (6) 5 :  0.000 0.012 0.001 0.017 0.969
235 77_235 (0) 5 :  0.000 0.159 0.000 0.000 0.841
236 79_236 (0) 5 :  0.003 0.027 0.000 0.956 0.014
237 80_237 (0) 5 :  0.000 0.062 0.000 0.000 0.938
238 81_238 (13) 5 :  0.000 0.002 0.000 0.000 0.998
239 82_239 (0) 5 :  0.008 0.137 0.677 0.013 0.165
240 83_240 (13) 5 :  0.000 0.171 0.004 0.000 0.824
241 86_241 (0) 5 :  0.000 0.016 0.002 0.000 0.982
242 87_242 (20) 5 :  0.000 0.002 0.000 0.000 0.998
243 88_243 (13) 5 :  0.000 0.041 0.000 0.000 0.959
244 89_244 (13) 5 :  0.000 0.000 0.000 0.000 1.000
245 90_245 (20) 5 :  0.000 0.039 0.000 0.000 0.961
246 92_246 (0) 5 :  0.000 0.082 0.000 0.000 0.918
247 1_247 (20) 6 :  0.000 0.012 0.025 0.001 0.962
248 2_248 (13) 6 :  0.000 0.158 0.000 0.000 0.842
249 3_249 (20) 6 :  0.014 0.534 0.417 0.004 0.031
250 4_250 (0) 6 :  0.000 0.000 0.000 0.000 1.000
251 5_251 (20) 6 :  0.000 0.002 0.000 0.000 0.998
252 6_252 (6) 6 :  0.001 0.008 0.000 0.001 0.990
253 7_253 (26) 6 :  0.000 0.095 0.000 0.000 0.905
254 9_254 (0) 6 :  0.000 0.001 0.000 0.000 0.999
255 10_255 (0) 6 :  0.000 0.144 0.005 0.000 0.850
256 11_256 (6) 6 :  0.000 0.000 0.000 0.000 1.000
257 12_257 (13) 6 :  0.000 0.000 0.000 0.000 1.000
258 13_258 (6) 6 :  0.000 0.292 0.000 0.000 0.708
259 14_259 (0) 6 :  0.000 0.003 0.000 0.000 0.997
260 16_260 (13) 6 :  0.008 0.187 0.010 0.000 0.795
261 17_261 (20) 6 :  0.000 0.017 0.000 0.000 0.983
262 18_262 (20) 6 :  0.000 0.000 0.000 0.000 1.000
263 19_263 (20) 6 :  0.000 0.030 0.001 0.000 0.970
264 20_264 (33) 6 :  0.000 0.007 0.000 0.000 0.992
265 21_265 (20) 6 :  0.000 0.001 0.002 0.000 0.997
266 22_266 (20) 6 :  0.000 0.316 0.002 0.000 0.682
267 23_267 (40) 6 :  0.000 0.002 0.000 0.000 0.998
268 24_268 (33) 6 :  0.010 0.553 0.000 0.003 0.434
269 25_269 (13) 6 :  0.000 0.047 0.000 0.000 0.953
270 26_270 (13) 6 :  0.000 0.000 0.000 0.000 1.000
271 27_271 (26) 6 :  0.000 0.007 0.000 0.000 0.993
272 28_272 (13) 6 :  0.000 0.003 0.000 0.000 0.997
273 29_273 (6) 6 :  0.000 0.000 0.000 0.000 1.000
274 30_274 (13) 6 :  0.000 0.265 0.001 0.000 0.734
275 31_275 (13) 6 :  0.000 0.000 0.000 0.000 1.000
276 32_276 (13) 6 :  0.000 0.012 0.000 0.000 0.988
277 33_277 (20) 6 :  0.026 0.361 0.062 0.003 0.547
278 34_278 (0) 6 :  0.000 0.004 0.000 0.000 0.996
279 35_279 (6) 6 :  0.000 0.000 0.000 0.000 1.000
280 36_280 (6) 6 :  0.000 0.290 0.000 0.000 0.710
281 37_281 (6) 6 :  0.000 0.027 0.000 0.000 0.973
282 38_282 (6) 6 :  0.000 0.027 0.000 0.000 0.973
283 39_283 (0) 6 :  0.000 0.318 0.002 0.000 0.680
284 40_284 (13) 6 :  0.000 0.003 0.000 0.000 0.997
285 41_285 (0) 6 :  0.000 0.056 0.000 0.000 0.944
286 42_286 (40) 6 :  0.000 0.003 0.000 0.000 0.997
287 43_287 (6) 6 :  0.000 0.000 0.000 0.000 1.000
288 44_288 (33) 6 :  0.000 0.000 0.000 0.000 1.000
289 45_289 (6) 6 :  0.000 0.234 0.041 0.000 0.725
290 46_290 (20) 6 :  0.000 0.160 0.000 0.000 0.840
291 47_291 (13) 6 :  0.001 0.243 0.065 0.002 0.689
292 48_292 (40) 6 :  0.000 0.006 0.000 0.000 0.994
293 1_293 (20) 7 :  0.001 0.021 0.010 0.000 0.968
294 2_294 (6) 7 :  0.000 0.001 0.000 0.000 0.999
295 3_295 (6) 7 :  0.000 0.052 0.000 0.000 0.948
296 4_296 (6) 7 :  0.000 0.003 0.000 0.000 0.997
297 6_297 (0) 7 :  0.000 0.013 0.000 0.000 0.987
298 7_298 (6) 7 :  0.000 0.000 0.000 0.000 1.000
299 8_299 (20) 7 :  0.000 0.406 0.002 0.000 0.592
300 9_300 (26) 7 :  0.000 0.011 0.000 0.000 0.989
301 10_301 (13) 7 :  0.000 0.009 0.000 0.001 0.989
302 11_302 (0) 7 :  0.000 0.837 0.000 0.000 0.162
303 13_303 (6) 7 :  0.000 0.000 0.000 0.000 1.000
304 14_304 (6) 7 :  0.007 0.019 0.000 0.001 0.973
305 15_305 (6) 7 :  0.000 0.740 0.001 0.000 0.259
306 16_306 (6) 7 :  0.000 0.186 0.000 0.000 0.814
307 17_307 (6) 7 :  0.002 0.176 0.057 0.000 0.765
308 18_308 (13) 7 :  0.000 0.009 0.000 0.000 0.991
309 19_309 (0) 7 :  0.043 0.118 0.001 0.360 0.479
310 20_310 (6) 7 :  0.000 0.003 0.000 0.000 0.997
311 21_311 (0) 7 :  0.000 0.027 0.000 0.000 0.973
312 22_312 (6) 7 :  0.000 0.001 0.000 0.000 0.999
313 23_313 (13) 7 :  0.001 0.177 0.002 0.001 0.819
314 24_314 (6) 7 :  0.000 0.005 0.000 0.000 0.995
315 25_315 (13) 7 :  0.000 0.033 0.000 0.000 0.967
316 26_316 (0) 7 :  0.001 0.968 0.011 0.001 0.019
317 27_317 (0) 7 :  0.000 0.014 0.000 0.000 0.986
318 28_318 (0) 7 :  0.000 0.811 0.000 0.000 0.189
319 29_319 (0) 7 :  0.000 0.066 0.000 0.000 0.934
320 30_320 (0) 7 :  0.000 0.053 0.000 0.000 0.947
321 31_321 (6) 7 :  0.000 0.028 0.000 0.000 0.972
322 32_322 (0) 7 :  0.000 0.061 0.000 0.000 0.939
323 33_323 (6) 7 :  0.000 0.150 0.003 0.001 0.846
324 34_324 (0) 7 :  0.000 0.211 0.002 0.000 0.787
325 35_325 (0) 7 :  0.000 0.002 0.000 0.000 0.998
326 37_326 (6) 7 :  0.000 0.000 0.000 0.000 1.000
327 38_327 (6) 7 :  0.000 0.050 0.000 0.000 0.950
328 39_328 (0) 7 :  0.000 0.856 0.000 0.002 0.142
329 40_329 (26) 7 :  0.000 0.001 0.000 0.000 0.999
330 41_330 (0) 7 :  0.000 0.005 0.000 0.000 0.995
331 42_331 (0) 7 :  0.000 0.012 0.039 0.000 0.949
332 43_332 (0) 7 :  0.000 0.001 0.000 0.000 0.999
333 44_333 (0) 7 :  0.000 0.237 0.005 0.002 0.756
334 45_334 (0) 7 :  0.000 0.009 0.001 0.000 0.990
335 46_335 (6) 7 :  0.000 0.003 0.000 0.000 0.997
336 47_336 (6) 7 :  0.000 0.051 0.000 0.000 0.949
337 49_337 (6) 7 :  0.000 0.018 0.000 0.000 0.982
338 50_338 (13) 7 :  0.000 0.000 0.000 0.000 1.000
339 51_339 (20) 7 :  0.000 0.190 0.002 0.002 0.805
340 52_340 (6) 7 :  0.000 0.005 0.000 0.000 0.995
341 53_341 (0) 7 :  0.000 0.007 0.000 0.000 0.993
342 54_342 (0) 7 :  0.000 0.191 0.001 0.000 0.808
343 55_343 (6) 7 :  0.000 0.121 0.000 0.000 0.879
344 56_344 (0) 7 :  0.000 0.372 0.000 0.000 0.628
345 57_345 (33) 7 :  0.003 0.034 0.008 0.000 0.955
346 58_346 (0) 7 :  0.000 0.039 0.000 0.000 0.961
347 59_347 (0) 7 :  0.000 0.140 0.000 0.000 0.860
348 61_348 (0) 7 :  0.000 0.012 0.000 0.000 0.988
349 62_349 (0) 7 :  0.000 0.979 0.000 0.002 0.019
350 64_350 (6) 7 :  0.060 0.033 0.000 0.382 0.525
351 1_351 (6) 8 :  0.000 0.007 0.000 0.000 0.993
352 2_352 (0) 8 :  0.000 0.017 0.007 0.000 0.975
353 3_353 (0) 8 :  0.000 0.055 0.001 0.000 0.945
354 4_354 (13) 8 :  0.000 0.000 0.000 0.000 1.000
355 5_355 (0) 8 :  0.000 0.000 0.000 0.000 1.000
356 6_356 (6) 8 :  0.000 0.034 0.000 0.000 0.966
357 7_357 (0) 8 :  0.000 0.260 0.001 0.000 0.739
358 8_358 (13) 8 :  0.170 0.243 0.542 0.027 0.017
359 9_359 (6) 8 :  0.010 0.129 0.000 0.858 0.003
360 10_360 (0) 8 :  0.000 0.752 0.000 0.000 0.248
361 11_361 (6) 8 :  0.000 0.000 0.000 0.000 1.000
362 12_362 (0) 8 :  0.000 0.037 0.000 0.000 0.963
363 13_363 (0) 8 :  0.000 0.004 0.000 0.000 0.996
364 14_364 (0) 8 :  0.008 0.439 0.041 0.013 0.499
365 15_365 (0) 8 :  0.000 0.163 0.000 0.000 0.837
366 17_366 (33) 8 :  0.000 0.070 0.009 0.000 0.920
367 18_367 (0) 8 :  0.000 0.000 0.000 0.000 1.000
368 19_368 (0) 8 :  0.000 0.005 0.000 0.000 0.995
369 23_369 (0) 8 :  0.000 0.473 0.000 0.000 0.527
370 24_370 (0) 8 :  0.000 0.036 0.000 0.000 0.964
371 25_371 (0) 8 :  0.000 0.018 0.000 0.000 0.982
372 26_372 (6) 8 :  0.000 0.000 0.000 0.000 1.000
373 27_373 (6) 8 :  0.000 0.029 0.058 0.000 0.913
374 28_374 (0) 8 :  0.000 0.022 0.000 0.000 0.978
375 29_375 (0) 8 :  0.000 0.016 0.000 0.000 0.984
376 30_376 (6) 8 :  0.000 0.074 0.001 0.139 0.786
377 31_377 (0) 8 :  0.000 0.077 0.001 0.000 0.923
378 32_378 (0) 8 :  0.000 0.000 0.000 0.000 1.000
379 33_379 (6) 8 :  0.000 0.001 0.000 0.000 0.999
380 34_380 (13) 8 :  0.000 0.029 0.013 0.003 0.954
381 35_381 (0) 8 :  0.000 0.175 0.000 0.000 0.825
382 36_382 (0) 8 :  0.000 0.027 0.000 0.000 0.973
383 39_383 (0) 8 :  0.000 0.001 0.001 0.000 0.999
384 40_384 (0) 8 :  0.000 0.000 0.000 0.000 1.000
385 41_385 (0) 8 :  0.000 0.076 0.000 0.000 0.924
386 44_386 (53) 8 :  0.330 0.066 0.015 0.571 0.018
387 45_387 (20) 8 :  0.000 0.053 0.001 0.000 0.945
388 46_388 (40) 8 :  0.000 0.035 0.000 0.000 0.965
389 47_389 (6) 8 :  0.000 0.295 0.000 0.000 0.705
390 48_390 (13) 8 :  0.000 0.011 0.000 0.000 0.989
391 49_391 (13) 8 :  0.000 0.148 0.000 0.019 0.832
392 50_392 (6) 8 :  0.000 0.001 0.000 0.000 0.999
393 51_393 (13) 8 :  0.000 0.000 0.000 0.000 1.000
394 52_394 (0) 8 :  0.000 0.003 0.000 0.000 0.997
395 53_395 (20) 8 :  0.000 0.034 0.000 0.000 0.966
396 54_396 (20) 8 :  0.798 0.023 0.016 0.007 0.155
397 55_397 (46) 8 :  0.000 0.036 0.010 0.000 0.953
398 56_398 (13) 8 :  0.000 0.001 0.000 0.000 0.999
399 57_399 (6) 8 :  0.000 0.905 0.002 0.000 0.093
400 62_400 (26) 8 :  0.125 0.012 0.125 0.004 0.733
401 64_401 (33) 8 :  0.002 0.300 0.197 0.000 0.501
402 65_402 (0) 8 :  0.000 0.000 0.000 0.000 1.000
403 67_403 (0) 8 :  0.000 0.001 0.000 0.000 0.999
404 68_404 (0) 8 :  0.000 0.001 0.000 0.000 0.999
405 69_405 (0) 8 :  0.000 0.002 0.000 0.000 0.997
406 70_406 (0) 8 :  0.000 0.039 0.000 0.000 0.961
407 71_407 (6) 8 :  0.000 0.559 0.000 0.000 0.441
408 72_408 (0) 8 :  0.000 0.205 0.000 0.000 0.795
409 2_409 (6) 9 :  0.000 0.001 0.000 0.000 0.999
410 3_410 (33) 9 :  0.162 0.579 0.121 0.001 0.137
411 4_411 (6) 9 :  0.001 0.104 0.000 0.002 0.893
412 5_412 (6) 9 :  0.000 0.002 0.000 0.000 0.998
413 6_413 (6) 9 :  0.000 0.038 0.001 0.000 0.961
414 7_414 (53) 9 :  0.005 0.206 0.038 0.002 0.749
415 10_415 (6) 9 :  0.000 0.024 0.000 0.000 0.976
416 11_416 (6) 9 :  0.000 0.051 0.001 0.000 0.947
417 13_417 (6) 9 :  0.001 0.101 0.002 0.000 0.896
418 16_418 (6) 9 :  0.008 0.043 0.012 0.008 0.928
419 17_419 (6) 9 :  0.009 0.205 0.000 0.000 0.785
420 19_420 (46) 9 :  0.008 0.261 0.041 0.008 0.682
421 25_421 (6) 9 :  0.005 0.001 0.962 0.002 0.030
422 27_422 (6) 9 :  0.000 0.020 0.001 0.003 0.977
423 28_423 (0) 9 :  0.005 0.748 0.002 0.001 0.243
424 30_424 (0) 9 :  0.000 0.227 0.000 0.000 0.773
425 34_425 (0) 9 :  0.000 0.003 0.000 0.000 0.997
426 37_426 (13) 9 :  0.000 0.013 0.000 0.000 0.987
427 38_427 (6) 9 :  0.000 0.014 0.000 0.000 0.986
428 40_428 (46) 9 :  0.005 0.181 0.032 0.000 0.781
429 42_429 (20) 9 :  0.000 0.005 0.000 0.000 0.995
430 43_430 (6) 9 :  0.000 0.006 0.000 0.000 0.994
431 45_431 (6) 9 :  0.000 0.006 0.001 0.000 0.992
432 46_432 (20) 9 :  0.003 0.059 0.008 0.001 0.928
433 47_433 (6) 9 :  0.000 0.312 0.008 0.000 0.680
434 48_434 (26) 9 :  0.000 0.189 0.000 0.000 0.811
435 53_435 (6) 9 :  0.201 0.008 0.116 0.004 0.672
436 55_436 (6) 9 :  0.000 0.311 0.001 0.002 0.685
437 56_437 (20) 9 :  0.000 0.007 0.001 0.000 0.993
438 57_438 (13) 9 :  0.000 0.000 0.000 0.000 1.000
439 60_439 (0) 9 :  0.000 0.007 0.000 0.000 0.993
440 62_440 (26) 9 :  0.001 0.562 0.004 0.002 0.431
441 63_441 (13) 9 :  0.000 0.289 0.003 0.000 0.708
442 2_442 (6) 10 :  0.000 0.000 0.000 0.000 1.000
443 3_443 (6) 10 :  0.000 0.016 0.002 0.000 0.982
444 5_444 (0) 10 :  0.000 0.007 0.000 0.000 0.993
445 7_445 (6) 10 :  0.000 0.015 0.000 0.000 0.985
446 8_446 (33) 10 :  0.000 0.024 0.004 0.001 0.971
447 9_447 (0) 10 :  0.000 0.003 0.000 0.000 0.997
448 11_448 (6) 10 :  0.000 0.041 0.009 0.000 0.949
449 13_449 (20) 10 :  0.000 0.001 0.000 0.000 0.998
450 15_450 (6) 10 :  0.000 0.073 0.003 0.000 0.924
451 18_451 (6) 10 :  0.000 0.020 0.002 0.000 0.978
452 19_452 (0) 10 :  0.000 0.237 0.000 0.000 0.763
453 20_453 (6) 10 :  0.000 0.001 0.000 0.000 0.999
454 23_454 (6) 10 :  0.000 0.005 0.000 0.000 0.995
455 25_455 (0) 10 :  0.000 0.020 0.000 0.000 0.980
456 30_456 (6) 10 :  0.870 0.089 0.002 0.005 0.034
457 34_457 (26) 10 :  0.000 0.019 0.000 0.010 0.970
458 37_458 (0) 10 :  0.000 0.021 0.000 0.000 0.979
459 38_459 (26) 10 :  0.000 0.136 0.003 0.000 0.861
460 42_460 (20) 10 :  0.000 0.003 0.000 0.000 0.997
461 43_461 (0) 10 :  0.000 0.365 0.003 0.000 0.632
462 46_462 (13) 10 :  0.000 0.006 0.001 0.001 0.992
463 48_463 (13) 10 :  0.000 0.003 0.000 0.004 0.992
464 49_464 (0) 10 :  0.000 0.008 0.000 0.000 0.992
465 50_465 (6) 10 :  0.000 0.000 0.000 0.000 1.000
466 54_466 (0) 10 :  0.000 0.001 0.000 0.000 0.999
467 55_467 (40) 10 :  0.000 0.274 0.003 0.305 0.418
468 56_468 (6) 10 :  0.000 0.048 0.000 0.000 0.952
469 1_469 (0) 11 :  0.000 0.046 0.001 0.000 0.953
470 2_470 (0) 11 :  0.004 0.140 0.034 0.098 0.724
471 3_471 (0) 11 :  0.000 0.002 0.000 0.000 0.997
472 4_472 (0) 11 :  0.001 0.220 0.001 0.000 0.777
473 5_473 (0) 11 :  0.006 0.298 0.186 0.018 0.492
474 7_474 (0) 11 :  0.000 0.163 0.758 0.080 0.000
475 8_475 (0) 11 :  0.000 0.067 0.003 0.001 0.928
476 10_476 (6) 11 :  0.000 0.004 0.000 0.000 0.995
477 11_477 (0) 11 :  0.001 0.024 0.469 0.082 0.424
478 14_478 (0) 11 :  0.000 0.001 0.000 0.000 0.998
479 15_479 (0) 11 :  0.000 0.008 0.000 0.000 0.992
480 19_480 (0) 11 :  0.000 0.020 0.000 0.000 0.980
481 21_481 (0) 11 :  0.023 0.152 0.370 0.006 0.449
482 23_482 (0) 11 :  0.000 0.010 0.000 0.000 0.990
483 24_483 (6) 11 :  0.004 0.089 0.016 0.863 0.029
484 26_484 (0) 11 :  0.000 0.047 0.002 0.000 0.951
485 27_485 (0) 11 :  0.000 0.286 0.008 0.005 0.702
486 32_486 (0) 11 :  0.000 0.030 0.000 0.000 0.970
487 34_487 (0) 11 :  0.000 0.000 0.000 0.000 1.000
488 37_488 (0) 11 :  0.000 0.000 0.000 0.000 1.000
489 38_489 (0) 11 :  0.000 0.036 0.050 0.000 0.914
490 39_490 (0) 11 :  0.000 0.030 0.005 0.000 0.965
491 40_491 (0) 11 :  0.000 0.000 0.000 0.000 1.000
492 43_492 (6) 11 :  0.000 0.001 0.000 0.000 0.999
493 47_493 (0) 11 :  0.000 0.000 0.000 0.000 1.000
494 1_494 (6) 12 :  0.000 0.000 0.000 0.000 1.000
495 2_495 (6) 12 :  0.000 0.024 0.000 0.000 0.976
496 3_496 (0) 12 :  0.000 0.015 0.023 0.000 0.963
497 4_497 (13) 12 :  0.000 0.029 0.001 0.000 0.970
498 7_498 (0) 12 :  0.000 0.000 0.000 0.000 1.000
499 8_499 (13) 12 :  0.000 0.000 0.000 0.000 1.000
500 9_500 (20) 12 :  0.000 0.009 0.000 0.000 0.991
501 10_501 (13) 12 :  0.000 0.000 0.000 0.000 1.000
502 11_502 (6) 12 :  0.002 0.007 0.002 0.983 0.005
503 12_503 (6) 12 :  0.109 0.504 0.021 0.020 0.345
504 15_504 (13) 12 :  0.000 0.001 0.000 0.000 0.999
505 17_505 (6) 12 :  0.000 0.005 0.001 0.000 0.994
506 18_506 (6) 12 :  0.000 0.000 0.000 0.000 1.000
507 19_507 (6) 12 :  0.000 0.002 0.000 0.000 0.998
508 20_508 (13) 12 :  0.000 0.403 0.000 0.000 0.597
509 21_509 (6) 12 :  0.000 0.001 0.000 0.000 0.999
510 25_510 (6) 12 :  0.000 0.677 0.001 0.000 0.322
511 26_511 (0) 12 :  0.000 0.018 0.000 0.000 0.982
512 28_512 (6) 12 :  0.000 0.000 0.000 0.000 1.000
513 31_513 (13) 12 :  0.000 0.132 0.101 0.010 0.756
514 32_514 (13) 12 :  0.000 0.000 0.000 0.000 1.000
515 33_515 (13) 12 :  0.000 0.000 0.000 0.000 1.000
516 36_516 (6) 12 :  0.000 0.001 0.000 0.000 0.999
517 41_517 (6) 12 :  0.000 0.000 0.000 0.000 1.000
518 43_518 (6) 12 :  0.000 0.000 0.001 0.000 0.999
519 44_519 (33) 12 :  0.000 0.006 0.000 0.000 0.994
520 50_520 (0) 12 :  0.000 0.002 0.000 0.000 0.998
521 52_521 (60) 12 :  0.000 0.021 0.002 0.001 0.977
522 53_522 (20) 12 :  0.110 0.435 0.170 0.163 0.122
523 55_523 (26) 12 :  0.000 0.026 0.000 0.000 0.974
524 56_524 (6) 12 :  0.000 0.000 0.000 0.000 1.000
525 1_525 (0) 13 :  0.000 0.000 0.000 0.000 1.000
526 3_526 (6) 13 :  0.001 0.064 0.001 0.000 0.933
527 5_527 (6) 13 :  0.001 0.036 0.006 0.000 0.957
528 8_528 (13) 13 :  0.000 0.000 0.000 0.000 0.999
529 9_529 (6) 13 :  0.005 0.897 0.000 0.000 0.097
530 10_530 (6) 13 :  0.000 0.001 0.000 0.000 0.999
531 13_531 (6) 13 :  0.000 0.011 0.000 0.000 0.989
532 14_532 (0) 13 :  0.000 0.715 0.008 0.000 0.276
533 16_533 (6) 13 :  0.000 0.000 0.000 0.000 1.000
534 21_534 (0) 13 :  0.000 0.000 0.000 0.000 1.000
535 23_535 (6) 13 :  0.000 0.004 0.000 0.000 0.996
536 26_536 (0) 13 :  0.002 0.690 0.050 0.001 0.257
537 27_537 (0) 13 :  0.000 0.000 0.000 0.000 1.000
538 29_538 (13) 13 :  0.000 0.001 0.000 0.000 0.999
539 32_539 (0) 13 :  0.000 0.000 0.000 0.000 1.000
540 37_540 (0) 13 :  0.000 0.002 0.000 0.000 0.998
541 38_541 (0) 13 :  0.000 0.000 0.000 0.000 1.000
542 41_542 (6) 13 :  0.000 0.013 0.000 0.000 0.987
543 42_543 (0) 13 :  0.000 0.543 0.026 0.000 0.430
544 43_544 (0) 13 :  0.000 0.001 0.000 0.000 0.999
545 44_545 (0) 13 :  0.001 0.882 0.000 0.001 0.115
546 45_546 (0) 13 :  0.000 0.002 0.000 0.000 0.999
547 46_547 (0) 13 :  0.000 0.051 0.000 0.000 0.949
548 47_548 (0) 13 :  0.000 0.010 0.000 0.000 0.989
549 48_549 (0) 13 :  0.000 0.002 0.000 0.000 0.998
550 49_550 (6) 13 :  0.000 0.004 0.001 0.000 0.994
551 50_551 (0) 13 :  0.000 0.299 0.006 0.000 0.696
552 53_552 (6) 13 :  0.000 0.025 0.000 0.000 0.975
553 56_553 (6) 13 :  0.003 0.018 0.130 0.001 0.849
554 57_554 (0) 13 :  0.051 0.222 0.089 0.001 0.637
555 58_555 (0) 13 :  0.000 0.000 0.000 0.000 1.000
556 59_556 (0) 13 :  0.000 0.000 0.000 0.000 1.000
557 60_557 (6) 13 :  0.000 0.016 0.000 0.000 0.984
558 61_558 (0) 13 :  0.000 0.001 0.000 0.000 0.999
559 63_559 (6) 13 :  0.000 0.053 0.003 0.000 0.944
560 65_560 (6) 13 :  0.001 0.012 0.000 0.001 0.986
561 69_561 (0) 13 :  0.000 0.002 0.000 0.000 0.998
562 70_562 (6) 13 :  0.015 0.591 0.013 0.004 0.376
563 72_563 (0) 13 :  0.000 0.002 0.003 0.000 0.995
564 74_564 (0) 13 :  0.000 0.000 0.000 0.000 1.000
565 75_565 (6) 13 :  0.000 0.000 0.000 0.000 1.000
566 76_566 (6) 13 :  0.000 0.013 0.000 0.000 0.987
567 79_567 (0) 13 :  0.000 0.095 0.000 0.000 0.905
568 80_568 (6) 13 :  0.000 0.004 0.001 0.000 0.995
569 82_569 (0) 13 :  0.000 0.000 0.000 0.000 1.000
570 83_570 (0) 13 :  0.000 0.027 0.000 0.000 0.973
571 85_571 (6) 13 :  0.000 0.681 0.000 0.000 0.319
572 86_572 (0) 13 :  0.000 0.014 0.000 0.000 0.986
573 88_573 (6) 13 :  0.000 0.002 0.004 0.000 0.994
574 90_574 (0) 13 :  0.000 0.008 0.000 0.000 0.992
575 91_575 (0) 13 :  0.000 0.000 0.000 0.000 1.000
576 95_576 (0) 13 :  0.000 0.007 0.000 0.000 0.993
577 1_577 (0) 14 :  0.000 0.012 0.000 0.000 0.988
578 2_578 (6) 14 :  0.000 0.002 0.000 0.000 0.997
579 3_579 (0) 14 :  0.000 0.000 0.000 0.000 1.000
580 5_580 (0) 14 :  0.000 0.666 0.016 0.000 0.318
581 6_581 (0) 14 :  0.000 0.001 0.002 0.000 0.997
582 7_582 (0) 14 :  0.000 0.005 0.000 0.000 0.995
583 8_583 (13) 14 :  0.000 0.486 0.019 0.000 0.495
584 9_584 (6) 14 :  0.000 0.000 0.000 0.000 1.000
585 10_585 (0) 14 :  0.000 0.007 0.164 0.000 0.828
586 11_586 (13) 14 :  0.000 0.001 0.000 0.000 0.999
587 12_587 (0) 14 :  0.000 0.003 0.000 0.000 0.997
588 13_588 (0) 14 :  0.000 0.000 0.000 0.000 1.000
589 14_589 (0) 14 :  0.000 0.002 0.000 0.000 0.998
590 15_590 (0) 14 :  0.000 0.148 0.040 0.000 0.812
591 16_591 (6) 14 :  0.000 0.000 0.000 0.000 1.000
592 17_592 (0) 14 :  0.000 0.008 0.000 0.000 0.992
593 18_593 (13) 14 :  0.000 0.002 0.000 0.000 0.998
594 19_594 (0) 14 :  0.000 0.025 0.000 0.000 0.975
595 20_595 (6) 14 :  0.000 0.018 0.000 0.002 0.980
596 21_596 (20) 14 :  0.000 0.483 0.250 0.000 0.266
597 22_597 (0) 14 :  0.000 0.000 0.000 0.000 1.000
598 24_598 (0) 14 :  0.002 0.001 0.001 0.000 0.995
599 25_599 (6) 14 :  0.000 0.006 0.000 0.000 0.994
600 26_600 (0) 14 :  0.000 0.043 0.000 0.000 0.957
601 28_601 (13) 14 :  0.000 0.032 0.000 0.001 0.967
602 29_602 (0) 14 :  0.000 0.001 0.000 0.000 0.998
603 30_603 (0) 14 :  0.001 0.002 0.044 0.013 0.939
604 31_604 (20) 14 :  0.000 0.005 0.000 0.000 0.995
605 32_605 (0) 14 :  0.000 0.000 0.000 0.000 1.000
606 33_606 (6) 14 :  0.000 0.000 0.000 0.000 1.000
607 34_607 (0) 14 :  0.000 0.004 0.001 0.000 0.996
608 35_608 (6) 14 :  0.000 0.015 0.000 0.000 0.985
609 36_609 (20) 14 :  0.119 0.050 0.021 0.006 0.804
610 37_610 (6) 14 :  0.000 0.000 0.000 0.000 1.000
611 38_611 (6) 14 :  0.000 0.360 0.073 0.000 0.567
612 41_612 (0) 14 :  0.000 0.000 0.000 0.000 1.000
613 42_613 (0) 14 :  0.000 0.000 0.000 0.000 1.000
614 43_614 (0) 14 :  0.000 0.000 0.000 0.000 1.000
615 44_615 (0) 14 :  0.000 0.004 0.000 0.000 0.996
616 45_616 (6) 14 :  0.000 0.002 0.000 0.000 0.998
617 46_617 (6) 14 :  0.000 0.550 0.032 0.000 0.418
618 48_618 (6) 14 :  0.000 0.003 0.000 0.000 0.997
619 49_619 (0) 14 :  0.000 0.000 0.000 0.000 1.000
620 50_620 (13) 14 :  0.000 0.000 0.000 0.000 1.000
621 51_621 (6) 14 :  0.000 0.006 0.000 0.000 0.994
622 52_622 (13) 14 :  0.000 0.006 0.001 0.000 0.993
623 53_623 (6) 14 :  0.000 0.029 0.000 0.000 0.971
624 54_624 (13) 14 :  0.000 0.004 0.009 0.000 0.987
625 55_625 (13) 14 :  0.000 0.067 0.000 0.000 0.932
626 56_626 (13) 14 :  0.000 0.000 0.000 0.000 1.000
627 58_627 (13) 14 :  0.000 0.001 0.000 0.000 0.999
628 59_628 (13) 14 :  0.000 0.729 0.085 0.000 0.186
629 60_629 (13) 14 :  0.000 0.083 0.062 0.005 0.850
630 61_630 (13) 14 :  0.000 0.790 0.003 0.000 0.207
631 62_631 (6) 14 :  0.000 0.017 0.000 0.000 0.983
632 63_632 (26) 14 :  0.002 0.387 0.015 0.000 0.596
633 64_633 (13) 14 :  0.000 0.020 0.001 0.000 0.979
634 1_634 (13) 15 :  0.000 0.768 0.000 0.000 0.232
635 3_635 (6) 15 :  0.000 0.047 0.000 0.000 0.953
636 4_636 (0) 15 :  0.000 0.005 0.000 0.000 0.995
637 5_637 (0) 15 :  0.000 0.286 0.012 0.000 0.702
638 6_638 (6) 15 :  0.000 0.005 0.000 0.000 0.995
639 8_639 (6) 15 :  0.000 0.003 0.000 0.000 0.997
640 10_640 (6) 15 :  0.000 0.001 0.000 0.000 0.999
641 11_641 (13) 15 :  0.000 0.087 0.000 0.000 0.913
642 12_642 (13) 15 :  0.000 0.006 0.000 0.000 0.994
643 13_643 (6) 15 :  0.007 0.303 0.462 0.000 0.227
644 16_644 (6) 15 :  0.000 0.002 0.000 0.000 0.998
645 18_645 (0) 15 :  0.001 0.222 0.009 0.000 0.769
646 19_646 (0) 15 :  0.000 0.102 0.008 0.000 0.890
647 20_647 (0) 15 :  0.000 0.312 0.002 0.000 0.686
648 21_648 (20) 15 :  0.001 0.533 0.010 0.004 0.452
649 22_649 (0) 15 :  0.000 0.001 0.000 0.000 0.999
650 23_650 (13) 15 :  0.000 0.034 0.000 0.000 0.966
651 24_651 (0) 15 :  0.000 0.016 0.000 0.000 0.984
652 25_652 (6) 15 :  0.000 0.132 0.000 0.000 0.868
653 26_653 (6) 15 :  0.000 0.014 0.033 0.000 0.953
654 27_654 (6) 15 :  0.000 0.300 0.046 0.000 0.655
655 28_655 (0) 15 :  0.000 0.306 0.001 0.000 0.694
656 30_656 (6) 15 :  0.000 0.037 0.000 0.000 0.963
657 32_657 (0) 15 :  0.000 0.248 0.000 0.000 0.752
658 34_658 (20) 15 :  0.000 0.012 0.000 0.000 0.988
659 36_659 (13) 15 :  0.000 0.366 0.035 0.000 0.599
660 38_660 (0) 15 :  0.000 0.066 0.000 0.000 0.934
661 39_661 (0) 15 :  0.001 0.983 0.011 0.000 0.005
662 41_662 (0) 15 :  0.000 0.002 0.000 0.000 0.998
663 42_663 (13) 15 :  0.029 0.017 0.006 0.007 0.941
664 43_664 (0) 15 :  0.004 0.121 0.071 0.000 0.804
665 44_665 (13) 15 :  0.000 0.637 0.001 0.000 0.362
666 45_666 (0) 15 :  0.002 0.031 0.005 0.001 0.961
667 46_667 (0) 15 :  0.000 0.002 0.000 0.000 0.997
668 47_668 (6) 15 :  0.003 0.729 0.004 0.040 0.224
669 49_669 (6) 15 :  0.000 0.059 0.000 0.000 0.940
670 50_670 (0) 15 :  0.000 0.018 0.001 0.000 0.981
671 51_671 (0) 15 :  0.000 0.258 0.002 0.000 0.740
672 52_672 (0) 15 :  0.000 0.052 0.000 0.000 0.948
673 54_673 (0) 15 :  0.000 0.565 0.000 0.000 0.435
674 55_674 (6) 15 :  0.000 0.100 0.002 0.000 0.898
675 56_675 (26) 15 :  0.016 0.443 0.008 0.203 0.330
676 1_676 (6) 16 :  0.000 0.003 0.000 0.000 0.997
677 3_677 (0) 16 :  0.000 0.014 0.000 0.000 0.986
678 4_678 (0) 16 :  0.000 0.477 0.022 0.000 0.501
679 5_679 (0) 16 :  0.000 0.006 0.000 0.000 0.994
680 7_680 (0) 16 :  0.000 0.002 0.000 0.000 0.998
681 8_681 (6) 16 :  0.000 0.238 0.002 0.000 0.760
682 10_682 (0) 16 :  0.000 0.001 0.002 0.000 0.997
683 11_683 (0) 16 :  0.013 0.224 0.000 0.005 0.757
684 12_684 (0) 16 :  0.001 0.088 0.116 0.002 0.792
685 16_685 (0) 16 :  0.000 0.211 0.002 0.000 0.787
686 17_686 (0) 16 :  0.000 0.000 0.000 0.000 1.000
687 18_687 (0) 16 :  0.000 0.002 0.002 0.000 0.996
688 19_688 (6) 16 :  0.000 0.014 0.000 0.000 0.986
689 22_689 (13) 16 :  0.000 0.053 0.002 0.000 0.945
690 24_690 (0) 16 :  0.000 0.001 0.000 0.000 0.999
691 25_691 (6) 16 :  0.000 0.007 0.000 0.000 0.992
692 26_692 (0) 16 :  0.000 0.237 0.000 0.000 0.762
693 29_693 (0) 16 :  0.000 0.001 0.000 0.000 0.999
694 31_694 (0) 16 :  0.000 0.011 0.000 0.000 0.989
695 32_695 (0) 16 :  0.000 0.039 0.388 0.000 0.573
696 35_696 (0) 16 :  0.000 0.002 0.000 0.000 0.998
697 36_697 (0) 16 :  0.001 0.251 0.630 0.000 0.118
698 37_698 (0) 16 :  0.000 0.013 0.000 0.000 0.987
699 38_699 (0) 16 :  0.000 0.134 0.383 0.000 0.483
700 40_700 (0) 16 :  0.000 0.006 0.001 0.000 0.993
701 43_701 (0) 16 :  0.000 0.011 0.003 0.000 0.986
702 44_702 (0) 16 :  0.000 0.009 0.001 0.000 0.990
703 46_703 (0) 16 :  0.000 0.038 0.000 0.000 0.962
704 49_704 (6) 16 :  0.000 0.123 0.021 0.000 0.857
705 51_705 (0) 16 :  0.000 0.050 0.000 0.000 0.950
706 52_706 (0) 16 :  0.000 0.589 0.046 0.000 0.364
707 53_707 (6) 16 :  0.013 0.947 0.019 0.000 0.021
708 54_708 (20) 16 :  0.000 0.168 0.001 0.000 0.831
709 55_709 (20) 16 :  0.890 0.012 0.001 0.028 0.068
710 56_710 (6) 16 :  0.000 0.002 0.000 0.000 0.998
711 58_711 (6) 16 :  0.003 0.350 0.001 0.000 0.646
712 59_712 (6) 16 :  0.000 0.000 0.000 0.000 1.000
713 60_713 (13) 16 :  0.000 0.002 0.000 0.000 0.997
714 61_714 (0) 16 :  0.000 0.003 0.001 0.000 0.996
715 62_715 (0) 16 :  0.000 0.237 0.000 0.000 0.763
716 63_716 (0) 16 :  0.000 0.160 0.000 0.000 0.840
717 64_717 (20) 16 :  0.000 0.017 0.000 0.000 0.983
718 1_718 (20) 17 :  0.001 0.057 0.000 0.002 0.941
719 3_719 (0) 17 :  0.000 0.008 0.000 0.000 0.992
720 5_720 (0) 17 :  0.000 0.264 0.000 0.000 0.736
721 9_721 (20) 17 :  0.091 0.025 0.166 0.138 0.580
722 11_722 (6) 17 :  0.000 0.358 0.004 0.000 0.638
723 16_723 (6) 17 :  0.000 0.001 0.000 0.000 0.999
724 17_724 (20) 17 :  0.000 0.264 0.000 0.000 0.736
725 18_725 (26) 17 :  0.000 0.403 0.058 0.000 0.539
726 19_726 (0) 17 :  0.000 0.082 0.000 0.000 0.918
727 20_727 (0) 17 :  0.000 0.020 0.000 0.000 0.980
728 21_728 (6) 17 :  0.000 0.131 0.002 0.000 0.867
729 22_729 (0) 17 :  0.000 0.007 0.000 0.000 0.993
730 23_730 (0) 17 :  0.000 0.205 0.005 0.000 0.790
731 25_731 (13) 17 :  0.000 0.082 0.000 0.000 0.918
732 26_732 (26) 17 :  0.000 0.268 0.000 0.000 0.732
733 27_733 (6) 17 :  0.000 0.306 0.000 0.000 0.694
734 30_734 (0) 17 :  0.001 0.010 0.002 0.000 0.987
735 31_735 (0) 17 :  0.000 0.004 0.009 0.000 0.987
736 32_736 (6) 17 :  0.000 0.265 0.000 0.000 0.735
737 33_737 (13) 17 :  0.000 0.007 0.000 0.000 0.993
738 34_738 (0) 17 :  0.000 0.296 0.000 0.000 0.704
739 35_739 (0) 17 :  0.000 0.037 0.000 0.000 0.963
740 36_740 (6) 17 :  0.021 0.258 0.030 0.004 0.687
741 42_741 (0) 17 :  0.000 0.008 0.000 0.000 0.992
742 46_742 (0) 17 :  0.000 0.012 0.000 0.000 0.988
743 1_743 (0) 18 :  0.000 0.925 0.075 0.000 0.000
744 2_744 (0) 18 :  0.035 0.746 0.001 0.000 0.218
745 4_745 (6) 18 :  0.000 0.723 0.006 0.000 0.271
746 5_746 (13) 18 :  0.000 0.814 0.005 0.000 0.182
747 6_747 (0) 18 :  0.000 0.989 0.001 0.000 0.010
748 7_748 (6) 18 :  0.011 0.976 0.000 0.002 0.011
749 8_749 (13) 18 :  0.000 0.588 0.000 0.000 0.411
750 12_750 (0) 18 :  0.003 0.987 0.009 0.000 0.000
751 13_751 (0) 18 :  0.000 0.982 0.000 0.000 0.018
752 14_752 (0) 18 :  0.003 0.212 0.000 0.000 0.785
753 15_753 (40) 18 :  0.001 0.009 0.986 0.004 0.000
754 16_754 (0) 18 :  0.000 1.000 0.000 0.000 0.000
755 17_755 (0) 18 :  0.000 0.997 0.002 0.000 0.000
756 20_756 (0) 18 :  0.000 0.265 0.000 0.000 0.735
757 21_757 (0) 18 :  0.000 0.905 0.001 0.000 0.094
758 22_758 (0) 18 :  0.000 0.874 0.012 0.000 0.114
759 23_759 (6) 18 :  0.000 0.940 0.000 0.000 0.060
760 24_760 (6) 18 :  0.000 0.238 0.761 0.001 0.000
761 27_761 (0) 18 :  0.000 0.260 0.000 0.000 0.740
762 32_762 (0) 18 :  0.000 0.779 0.002 0.000 0.218
763 35_763 (0) 18 :  0.000 0.988 0.000 0.000 0.012
764 37_764 (0) 18 :  0.000 0.626 0.000 0.000 0.373
765 38_765 (0) 18 :  0.000 0.993 0.000 0.000 0.007
766 40_766 (0) 18 :  0.000 0.999 0.000 0.000 0.001
767 42_767 (0) 18 :  0.000 0.821 0.000 0.000 0.179
768 46_768 (0) 18 :  0.000 0.973 0.007 0.000 0.019
769 47_769 (0) 18 :  0.000 0.997 0.000 0.000 0.003
770 48_770 (0) 18 :  0.012 0.855 0.000 0.000 0.132
771 49_771 (6) 18 :  0.000 0.935 0.046 0.000 0.019
772 50_772 (20) 18 :  0.010 0.959 0.031 0.000 0.000
773 51_773 (46) 18 :  0.000 0.291 0.002 0.000 0.706
774 53_774 (46) 18 :  0.006 0.106 0.010 0.008 0.870
775 54_775 (33) 18 :  0.002 0.108 0.631 0.001 0.259
776 55_776 (46) 18 :  0.001 0.766 0.016 0.000 0.217
777 57_777 (6) 18 :  0.000 0.998 0.000 0.000 0.002
778 58_778 (0) 18 :  0.000 0.888 0.109 0.000 0.003
779 60_779 (13) 18 :  0.002 0.265 0.273 0.001 0.459
780 64_780 (0) 18 :  0.000 0.766 0.009 0.000 0.224
781 1_781 (26) 19 :  0.032 0.586 0.377 0.004 0.000
782 3_782 (6) 19 :  0.002 0.624 0.002 0.038 0.334
783 4_783 (6) 19 :  0.019 0.159 0.405 0.415 0.002
784 8_784 (6) 19 :  0.000 0.709 0.004 0.000 0.286
785 9_785 (46) 19 :  0.000 0.998 0.000 0.001 0.000
786 11_786 (6) 19 :  0.298 0.290 0.357 0.006 0.050
787 12_787 (6) 19 :  0.008 0.951 0.010 0.012 0.020
788 20_788 (6) 19 :  0.001 0.185 0.000 0.001 0.814
789 21_789 (26) 19 :  0.022 0.826 0.115 0.020 0.017
790 22_790 (20) 19 :  0.003 0.986 0.000 0.009 0.002
791 25_791 (6) 19 :  0.000 0.809 0.002 0.014 0.174
792 26_792 (13) 19 :  0.355 0.032 0.277 0.308 0.029
793 27_793 (6) 19 :  0.133 0.006 0.251 0.588 0.022
794 31_794 (13) 19 :  0.001 0.996 0.003 0.000 0.000
795 37_795 (6) 19 :  0.156 0.842 0.001 0.001 0.000
