  1:     0.926  0.040  0.000  0.005  0.029  0.000       21
  2:     0.691  0.047  0.001  0.010  0.251  0.000       36
  3:     0.742  0.054  0.032  0.041  0.108  0.023       66
  4:     0.690  0.059  0.030  0.029  0.139  0.053       52
  5:     0.678  0.051  0.003  0.023  0.152  0.093       71
  6:     0.879  0.028  0.001  0.003  0.089  0.000       46
  7:     0.827  0.007  0.001  0.002  0.152  0.011       58
  8:     0.813  0.038  0.012  0.008  0.103  0.027       58
  9:     0.785  0.062  0.007  0.011  0.135  0.001       33
 10:     0.897  0.002  0.034  0.002  0.054  0.011       27
 11:     0.803  0.020  0.001  0.080  0.053  0.043       25
 12:     0.864  0.027  0.005  0.004  0.066  0.034       31
 13:     0.873  0.009  0.001  0.005  0.112  0.000       52
 14:     0.891  0.007  0.001  0.016  0.084  0.000       57
 15:     0.773  0.015  0.001  0.011  0.194  0.006       42
 16:     0.806  0.029  0.011  0.043  0.110  0.002       42
 17:     0.816  0.014  0.002  0.005  0.160  0.004       25
 18:     0.184  0.048  0.001  0.053  0.713  0.000       38
 19:     0.118  0.141  0.038  0.073  0.543  0.087       35
 20:     0.083  0.074  0.014  0.058  0.705  0.066       57
 21:     0.187  0.074  0.008  0.066  0.561  0.103        8
 22:     0.048  0.071  0.038  0.050  0.714  0.080       54
 23:     0.049  0.008  0.007  0.023  0.909  0.004       75
 24:     0.046  0.028  0.009  0.051  0.823  0.043       50
 25:     0.072  0.034  0.011  0.012  0.869  0.001       42
 26:     0.021  0.020  0.016  0.063  0.867  0.013       42
 27:     0.012  0.555  0.096  0.172  0.113  0.053       27
 28:     0.017  0.419  0.128  0.288  0.094  0.055       27
 29:     0.033  0.527  0.045  0.310  0.067  0.018       56
 30:     0.002  0.433  0.118  0.388  0.045  0.014       58
 31:     0.006  0.265  0.051  0.597  0.069  0.012       41
 32:     0.003  0.044  0.016  0.901  0.028  0.008       26
 33:     0.080  0.376  0.015  0.394  0.134  0.002       51
 34:     0.001  0.236  0.071  0.604  0.040  0.047       31
 35:     0.005  0.271  0.031  0.647  0.035  0.010       52
 36:     0.003  0.199  0.033  0.737  0.024  0.005       43
 37:     0.029  0.242  0.012  0.674  0.005  0.038       23
 38:     0.004  0.214  0.038  0.688  0.028  0.028       42
 39:     0.026  0.033  0.002  0.874  0.065  0.000       41
 40:     0.008  0.724  0.017  0.204  0.042  0.006       33
 41:     0.013  0.514  0.021  0.382  0.049  0.021       26
 42:     0.003  0.613  0.016  0.245  0.115  0.007       35
 43:     0.001  0.531  0.062  0.372  0.032  0.003       22
 44:     0.040  0.652  0.029  0.133  0.072  0.074       52
 45:     0.028  0.568  0.073  0.262  0.059  0.011       41
 46:     0.002  0.332  0.510  0.077  0.028  0.051       46
 47:     0.000  0.091  0.842  0.047  0.007  0.014       38
 48:     0.001  0.055  0.840  0.055  0.016  0.034       58
 49:     0.003  0.081  0.830  0.038  0.011  0.036       55
 50:     0.016  0.042  0.875  0.017  0.018  0.032       61
 51:     0.010  0.092  0.672  0.088  0.026  0.112       35
 52:     0.000  0.015  0.812  0.013  0.005  0.154       23
 53:     0.013  0.054  0.202  0.048  0.056  0.627       52
 54:     0.000  0.012  0.681  0.037  0.072  0.198       22
 55:     0.000  0.003  0.716  0.001  0.038  0.241       35
 56:     0.000  0.023  0.717  0.002  0.001  0.257       14
 57:     0.000  0.054  0.300  0.032  0.029  0.584       42
 58:     0.001  0.064  0.344  0.037  0.069  0.485       39
 59:     0.008  0.119  0.030  0.024  0.006  0.811       56
 60:     0.007  0.031  0.056  0.006  0.023  0.877       49
 61:     0.000  0.002  0.064  0.002  0.001  0.931       27
 62:     0.002  0.004  0.041  0.005  0.001  0.947       41
 63:     0.000  0.004  0.034  0.001  0.001  0.961       33
