  1:     0.000  0.030  0.023  0.000  0.946       21
  2:     0.003  0.279  0.011  0.000  0.707       36
  3:     0.035  0.118  0.048  0.026  0.773       66
  4:     0.040  0.144  0.050  0.062  0.704       52
  5:     0.007  0.161  0.035  0.105  0.692       71
  6:     0.001  0.096  0.014  0.000  0.888       46
  7:     0.002  0.148  0.002  0.013  0.835       58
  8:     0.025  0.103  0.018  0.028  0.825       58
  9:     0.013  0.139  0.041  0.001  0.806       33
 10:     0.032  0.053  0.001  0.012  0.901       27
 11:     0.002  0.067  0.076  0.046  0.809       25
 12:     0.007  0.075  0.010  0.038  0.870       31
 13:     0.002  0.116  0.007  0.000  0.876       52
 14:     0.002  0.089  0.015  0.000  0.893       57
 15:     0.002  0.196  0.017  0.006  0.779       42
 16:     0.022  0.113  0.039  0.001  0.825       42
 17:     0.005  0.135  0.011  0.006  0.844       25
 18:     0.002  0.725  0.079  0.000  0.194       38
 19:     0.057  0.586  0.122  0.109  0.126       35
 20:     0.021  0.726  0.090  0.072  0.091       57
 21:     0.005  0.561  0.122  0.120  0.192        8
 22:     0.050  0.762  0.055  0.084  0.049       54
 23:     0.010  0.914  0.017  0.005  0.054       75
 24:     0.009  0.834  0.058  0.048  0.052       50
 25:     0.012  0.883  0.024  0.002  0.078       42
 26:     0.022  0.910  0.029  0.015  0.024       42
 27:     0.231  0.138  0.537  0.082  0.013       27
 28:     0.223  0.160  0.499  0.085  0.033       27
 29:     0.101  0.094  0.727  0.032  0.046       56
 30:     0.173  0.064  0.728  0.030  0.005       58
 31:     0.093  0.097  0.786  0.017  0.007       41
 32:     0.021  0.034  0.921  0.019  0.005       26
 33:     0.029  0.161  0.708  0.003  0.099       51
 34:     0.145  0.057  0.744  0.052  0.001       31
 35:     0.064  0.059  0.852  0.019  0.006       52
 36:     0.077  0.060  0.846  0.012  0.004       43
 37:     0.020  0.008  0.897  0.043  0.032       23
 38:     0.057  0.062  0.834  0.042  0.006       42
 39:     0.010  0.138  0.807  0.001  0.045       41
 40:     0.066  0.069  0.826  0.019  0.021       33
 41:     0.071  0.063  0.811  0.041  0.014       26
 42:     0.053  0.134  0.792  0.017  0.004       35
 43:     0.086  0.039  0.871  0.004  0.001       22
 44:     0.097  0.108  0.598  0.149  0.048       52
 45:     0.183  0.103  0.651  0.027  0.036       41
 46:     0.711  0.044  0.149  0.095  0.002       46
 47:     0.906  0.008  0.066  0.019  0.001       38
 48:     0.888  0.016  0.057  0.039  0.001       58
 49:     0.887  0.015  0.049  0.045  0.003       55
 50:     0.897  0.019  0.019  0.048  0.017       61
 51:     0.721  0.035  0.099  0.134  0.011       35
 52:     0.796  0.008  0.027  0.170  0.000       23
 53:     0.203  0.062  0.055  0.665  0.015       52
 54:     0.672  0.078  0.021  0.228  0.000       22
 55:     0.683  0.035  0.004  0.277  0.001       35
 56:     0.698  0.001  0.008  0.292  0.000       14
 57:     0.302  0.034  0.040  0.623  0.001       42
 58:     0.322  0.077  0.051  0.549  0.001       39
 59:     0.044  0.012  0.058  0.873  0.012       56
 60:     0.054  0.028  0.018  0.891  0.009       49
 61:     0.062  0.002  0.001  0.935  0.000       27
 62:     0.039  0.001  0.005  0.952  0.003       41
 63:     0.036  0.001  0.000  0.962  0.000       33
