 1:   0.0480  0.9520  0.0000  0.0000  0.0000  0.0000  21
 2:   0.0000  0.9440  0.0000  0.0000  0.0000  0.0560  36
 3:   0.0450  0.8188  0.0150  0.0150  0.0611  0.0450  66
 4:   0.0581  0.8088  0.0380  0.0380  0.0380  0.0190  52
 5:   0.0000  0.8030  0.0850  0.0000  0.0420  0.0700  71
 6:   0.0220  0.9780  0.0000  0.0000  0.0000  0.0000  46
 7:   0.0000  0.9660  0.0170  0.0000  0.0170  0.0000  58
 8:   0.0000  0.8970  0.0520  0.0000  0.0340  0.0170  58
 9:   0.0300  0.8488  0.0000  0.0000  0.0911  0.0300  33
10:   0.0000  0.9630  0.0000  0.0370  0.0000  0.0000  27
11:   0.0400  0.8800  0.0000  0.0000  0.0000  0.0800  25
12:   0.0320  0.9359  0.0320  0.0000  0.0000  0.0000  31
13:   0.0000  0.9810  0.0000  0.0000  0.0190  0.0000  52
14:   0.0180  0.9820  0.0000  0.0000  0.0000  0.0000  57
15:   0.0480  0.9281  0.0000  0.0000  0.0240  0.0000  42
16:   0.0950  0.8570  0.0000  0.0000  0.0480  0.0000  42
17:   0.0000  0.9600  0.0000  0.0000  0.0400  0.0000  25
18:   0.1580  0.7370  0.0000  0.0000  0.0260  0.0790  38
19:   0.1430  0.2860  0.0570  0.0000  0.5140  0.0000  35
20:   0.1050  0.4910  0.0880  0.0000  0.1230  0.1930  57
21:   0.1250  0.6250  0.0000  0.1250  0.0000  0.1250  8
22:   0.1299  0.3886  0.0559  0.0739  0.1668  0.1848  54
23:   0.0931  0.6807  0.0000  0.0130  0.0931  0.1201  75
24:   0.0400  0.6400  0.0600  0.0600  0.0400  0.1600  50
25:   0.0480  0.7852  0.0000  0.0480  0.0949  0.0240  42
26:   0.1668  0.4286  0.0240  0.0240  0.2138  0.1429  42
27:   0.4815  0.0370  0.1111  0.0000  0.1852  0.1852  27
28:   0.5190  0.0740  0.0000  0.1110  0.1480  0.1480  27
29:   0.3930  0.0180  0.0000  0.0710  0.1610  0.3570  56
30:   0.4660  0.0000  0.0170  0.1380  0.0860  0.2930  58
31:   0.5610  0.0240  0.0000  0.0490  0.0490  0.3170  41
32:   0.9620  0.0000  0.0380  0.0000  0.0000  0.0000  26
33:   0.5690  0.1760  0.0000  0.0000  0.0200  0.2350  51
34:   0.2260  0.0000  0.0320  0.0970  0.1610  0.4840  31
35:   0.4810  0.0000  0.0000  0.0380  0.0580  0.4230  52
36:   0.2560  0.0000  0.0000  0.0230  0.0230  0.6980  43
37:   0.4354  0.0000  0.0430  0.0430  0.0000  0.4785  23
38:   0.3810  0.0000  0.0000  0.0480  0.0710  0.5000  42
39:   0.7568  0.0240  0.0000  0.0000  0.0240  0.1952  41
40:   0.1820  0.0000  0.0000  0.0300  0.0910  0.6970  33
41:   0.2312  0.0380  0.0000  0.0000  0.1151  0.6156  26
42:   0.3710  0.0290  0.0000  0.0000  0.0860  0.5140  35
43:   0.3644  0.0450  0.0000  0.0450  0.0000  0.5455  22
44:   0.3077  0.0579  0.0769  0.0000  0.3457  0.2118  52
45:   0.1461  0.0490  0.0240  0.0240  0.1461  0.6106  41
46:   0.0430  0.0000  0.0000  0.1522  0.7618  0.0430  46
47:   0.0260  0.0000  0.0260  0.6320  0.2630  0.0530  38
48:   0.0341  0.0000  0.0170  0.7425  0.1723  0.0341  58
49:   0.0360  0.0000  0.0180  0.7457  0.0731  0.1271  55
50:   0.0000  0.0160  0.0000  0.7217  0.2132  0.0490  61
51:   0.0571  0.0000  0.0571  0.5435  0.1712  0.1712  35
52:   0.0000  0.0000  0.1301  0.6967  0.1301  0.0430  23
53:   0.0580  0.0190  0.4810  0.2500  0.1730  0.0190  52
54:   0.0000  0.0000  0.0911  0.8188  0.0450  0.0450  22
55:   0.0000  0.0000  0.2290  0.7710  0.0000  0.0000  35
56:   0.0000  0.0000  0.2142  0.7147  0.0000  0.0711  14
57:   0.0240  0.0000  0.4050  0.3570  0.1190  0.0950  42
58:   0.0000  0.0000  0.4360  0.2560  0.2050  0.1030  39
59:   0.0180  0.0180  0.8218  0.0000  0.0711  0.0711  56
60:   0.0000  0.0000  0.8370  0.0410  0.1220  0.0000  49
61:   0.0000  0.0000  0.9260  0.0740  0.0000  0.0000  27
62:   0.0000  0.0000  0.9279  0.0240  0.0240  0.0240  41
63:   0.0000  0.0000  0.9090  0.0000  0.0910  0.0000  33
