 1:   0.0293  0.0000  0.9639  0.0068  21
 2:   0.0192  0.0003  0.9092  0.0713  36
 3:   0.0747  0.0255  0.8339  0.0658  66
 4:   0.0663  0.0669  0.7840  0.0828  52
 5:   0.0318  0.1104  0.8045  0.0533  71
 6:   0.0213  0.0002  0.9560  0.0225  46
 7:   0.0025  0.0233  0.9377  0.0365  58
 8:   0.0193  0.0398  0.8939  0.0470  58
 9:   0.0424  0.0018  0.8981  0.0578  33
10:   0.0010  0.0241  0.9344  0.0405  27
11:   0.0945  0.0387  0.8408  0.0261  25
12:   0.0073  0.0530  0.9182  0.0215  31
13:   0.0054  0.0003  0.9651  0.0293  52
14:   0.0110  0.0005  0.9660  0.0225  57
15:   0.0242  0.0084  0.9194  0.0480  42
16:   0.0401  0.0042  0.9071  0.0485  42
17:   0.0077  0.0183  0.9413  0.0326  25
18:   0.1698  0.0005  0.6386  0.1911  38
19:   0.1338  0.1547  0.4413  0.2703  35
20:   0.1695  0.0876  0.5105  0.2323  57
21:   0.1563  0.1222  0.5791  0.1424  8
22:   0.1783  0.0943  0.4018  0.3256  54
23:   0.0671  0.0083  0.6414  0.2832  75
24:   0.1110  0.0935  0.5613  0.2342  50
25:   0.0880  0.0027  0.6331  0.2762  42
26:   0.1869  0.0490  0.4626  0.3016  42
27:   0.6339  0.1308  0.0342  0.2011  27
28:   0.5633  0.1149  0.0742  0.2476  27
29:   0.7976  0.0582  0.0426  0.1016  56
30:   0.7875  0.0586  0.0040  0.1499  58
31:   0.8387  0.0318  0.0334  0.0960  41
32:   0.9462  0.0187  0.0062  0.0289  26
33:   0.7687  0.0038  0.1605  0.0670  51
34:   0.7882  0.0678  0.0054  0.1386  31
35:   0.8806  0.0282  0.0153  0.0759  52
36:   0.8961  0.0217  0.0030  0.0793  43
37:   0.9063  0.0511  0.0298  0.0128  23
38:   0.8914  0.0528  0.0048  0.0510  42
39:   0.8936  0.0018  0.0422  0.0625  41
40:   0.8674  0.0338  0.0383  0.0604  33
41:   0.8724  0.0423  0.0314  0.0539  26
42:   0.8673  0.0265  0.0280  0.0782  35
43:   0.9070  0.0046  0.0110  0.0774  22
44:   0.6431  0.1626  0.0760  0.1183  52
45:   0.6969  0.0387  0.0546  0.2098  41
46:   0.1979  0.2233  0.0033  0.5755  46
47:   0.0748  0.1960  0.0008  0.7285  38
48:   0.0797  0.2054  0.0010  0.7138  58
49:   0.1080  0.1764  0.0027  0.7128  55
50:   0.0410  0.2440  0.0228  0.6922  61
51:   0.1363  0.2746  0.0080  0.5811  35
52:   0.0370  0.3473  0.0000  0.6158  23
53:   0.0584  0.7456  0.0352  0.1608  52
54:   0.0354  0.4008  0.0028  0.5610  22
55:   0.0097  0.5002  0.0017  0.4883  35
56:   0.0320  0.4378  0.0000  0.5302  14
57:   0.0455  0.7128  0.0017  0.2400  42
58:   0.0543  0.6802  0.0096  0.2559  39
59:   0.0457  0.9038  0.0192  0.0312  56
60:   0.0168  0.9188  0.0137  0.0507  49
61:   0.0015  0.9482  0.0000  0.0503  27
62:   0.0028  0.9747  0.0045  0.0181  41
63:   0.0003  0.9740  0.0000  0.0258  33
