 1:   0.0000  0.0000  0.9469  0.0230  0.0300  21
 2:   0.0000  0.0030  0.7070  0.0110  0.2790  36
 3:   0.0260  0.0350  0.7730  0.0480  0.1180  66
 4:   0.0620  0.0400  0.7040  0.0500  0.1440  52
 5:   0.1049  0.0070  0.6913  0.0350  0.1618  71
 6:   0.0000  0.0010  0.8889  0.0140  0.0961  46
 7:   0.0130  0.0020  0.8348  0.0020  0.1481  58
 8:   0.0280  0.0250  0.8258  0.0180  0.1031  58
 9:   0.0010  0.0130  0.8060  0.0410  0.1390  33
10:   0.0120  0.0320  0.9020  0.0010  0.0530  27
11:   0.0460  0.0020  0.8098  0.0761  0.0661  25
12:   0.0380  0.0070  0.8691  0.0110  0.0749  31
13:   0.0000  0.0020  0.8751  0.0070  0.1159  52
14:   0.0000  0.0020  0.8939  0.0150  0.0891  57
15:   0.0060  0.0020  0.7790  0.0170  0.1960  42
16:   0.0010  0.0220  0.8250  0.0390  0.1130  42
17:   0.0060  0.0050  0.8442  0.0110  0.1339  25
18:   0.0000  0.0020  0.1950  0.0790  0.7240  38
19:   0.1089  0.0569  0.1269  0.1219  0.5854  35
20:   0.0720  0.0210  0.0910  0.0900  0.7260  57
21:   0.1200  0.0050  0.1920  0.1220  0.5610  8
22:   0.0840  0.0500  0.0490  0.0550  0.7620  54
23:   0.0050  0.0100  0.0540  0.0170  0.9140  75
24:   0.0480  0.0090  0.0519  0.0579  0.8332  50
25:   0.0020  0.0120  0.0781  0.0240  0.8839  42
26:   0.0150  0.0220  0.0230  0.0290  0.9109  42
27:   0.0810  0.2310  0.0130  0.5370  0.1380  27
28:   0.0850  0.2230  0.0330  0.4990  0.1600  27
29:   0.0320  0.1010  0.0460  0.7270  0.0940  56
30:   0.0300  0.1732  0.0050  0.7287  0.0631  58
31:   0.0170  0.0930  0.0070  0.7860  0.0970  41
32:   0.0180  0.0210  0.0050  0.9219  0.0340  26
33:   0.0030  0.0290  0.0980  0.7080  0.1620  51
34:   0.0521  0.1451  0.0010  0.7447  0.0571  31
35:   0.0190  0.0640  0.0060  0.8520  0.0590  52
36:   0.0120  0.0771  0.0040  0.8468  0.0601  43
37:   0.0430  0.0200  0.0320  0.8970  0.0080  23
38:   0.0420  0.0569  0.0060  0.8332  0.0619  42
39:   0.0010  0.0100  0.0450  0.8062  0.1379  41
40:   0.0190  0.0660  0.0210  0.8260  0.0680  33
41:   0.0410  0.0720  0.0140  0.8100  0.0630  26
42:   0.0170  0.0530  0.0040  0.7920  0.1340  35
43:   0.0040  0.0860  0.0010  0.8700  0.0390  22
44:   0.1481  0.0971  0.0480  0.5986  0.1081  52
45:   0.0270  0.1840  0.0360  0.6500  0.1030  41
46:   0.0949  0.7103  0.0020  0.1489  0.0440  46
47:   0.0190  0.9060  0.0010  0.0660  0.0080  38
48:   0.0390  0.8870  0.0010  0.0570  0.0160  58
49:   0.0460  0.8870  0.0030  0.0490  0.0150  55
50:   0.0480  0.8970  0.0170  0.0190  0.0190  61
51:   0.1340  0.7210  0.0110  0.0990  0.0350  35
52:   0.1698  0.7952  0.0000  0.0270  0.0080  23
53:   0.6657  0.2022  0.0150  0.0551  0.0621  52
54:   0.2290  0.6720  0.0000  0.0210  0.0780  22
55:   0.2780  0.6820  0.0010  0.0040  0.0350  35
56:   0.2933  0.6977  0.0000  0.0080  0.0010  14
57:   0.6230  0.3020  0.0010  0.0400  0.0340  42
58:   0.5495  0.3217  0.0010  0.0509  0.0769  39
59:   0.8739  0.0440  0.0120  0.0581  0.0120  56
60:   0.8910  0.0540  0.0090  0.0180  0.0280  49
61:   0.9350  0.0620  0.0000  0.0010  0.0020  27
62:   0.9520  0.0390  0.0030  0.0050  0.0010  41
63:   0.9630  0.0360  0.0000  0.0000  0.0010  33
