 1:   0.0480  0.0000  0.9520  0.0000  21
 2:   0.0280  0.0000  0.9720  0.0000  36
 3:   0.0760  0.0150  0.8640  0.0450  66
 4:   0.0770  0.0770  0.8080  0.0380  52
 5:   0.0140  0.1270  0.8450  0.0140  71
 6:   0.0220  0.0000  0.9780  0.0000  46
 7:   0.0000  0.0340  0.9660  0.0000  58
 8:   0.0170  0.0520  0.9140  0.0170  58
 9:   0.0300  0.0000  0.9700  0.0000  33
10:   0.0000  0.0000  0.9630  0.0370  27
11:   0.1200  0.0400  0.8400  0.0000  25
12:   0.0000  0.0650  0.9350  0.0000  31
13:   0.0000  0.0000  1.0000  0.0000  52
14:   0.0000  0.0000  1.0000  0.0000  57
15:   0.0240  0.0000  0.9760  0.0000  42
16:   0.0240  0.0000  0.9520  0.0240  42
17:   0.0000  0.0400  0.9600  0.0000  25
18:   0.2110  0.0000  0.7890  0.0000  38
19:   0.0860  0.2000  0.5710  0.1430  35
20:   0.1750  0.1050  0.6670  0.0530  57
21:   0.1250  0.1250  0.7500  0.0000  8
22:   0.2218  0.0929  0.5185  0.1668  54
23:   0.0400  0.0000  0.8800  0.0800  75
24:   0.1200  0.1200  0.7600  0.0000  50
25:   0.0951  0.0000  0.8338  0.0711  42
26:   0.1902  0.0711  0.7387  0.0000  42
27:   0.5560  0.1110  0.0370  0.2960  27
28:   0.6670  0.0740  0.0740  0.1850  27
29:   0.7852  0.0539  0.0360  0.1249  56
30:   0.7760  0.0340  0.0000  0.1900  58
31:   0.8780  0.0240  0.0490  0.0490  41
32:   0.9239  0.0380  0.0000  0.0380  26
33:   0.7840  0.0000  0.1960  0.0200  51
34:   0.8390  0.0320  0.0000  0.1290  31
35:   0.9040  0.0190  0.0190  0.0580  52
36:   0.9300  0.0000  0.0000  0.0700  43
37:   0.9130  0.0870  0.0000  0.0000  23
38:   0.9281  0.0480  0.0000  0.0240  42
39:   0.9520  0.0000  0.0240  0.0240  41
40:   0.9099  0.0300  0.0300  0.0300  33
41:   0.9239  0.0380  0.0380  0.0000  26
42:   0.9140  0.0000  0.0290  0.0570  35
43:   0.9550  0.0000  0.0000  0.0450  22
44:   0.6533  0.2118  0.0769  0.0579  52
45:   0.6830  0.0240  0.0730  0.2200  41
46:   0.0870  0.1300  0.0000  0.7830  46
47:   0.0000  0.0260  0.0000  0.9740  38
48:   0.0340  0.0000  0.0000  0.9660  58
49:   0.0180  0.0360  0.0000  0.9459  55
50:   0.0160  0.0490  0.0160  0.9189  61
51:   0.0860  0.1140  0.0000  0.8000  35
52:   0.0000  0.2170  0.0000  0.7830  23
53:   0.0770  0.6540  0.0380  0.2310  52
54:   0.0450  0.1820  0.0000  0.7730  22
55:   0.0000  0.3430  0.0000  0.6570  35
56:   0.0000  0.2860  0.0000  0.7140  14
57:   0.0480  0.7140  0.0000  0.2380  42
58:   0.0510  0.6670  0.0000  0.2820  39
59:   0.0180  0.9281  0.0180  0.0360  56
60:   0.0200  0.9390  0.0000  0.0410  49
61:   0.0000  0.9260  0.0000  0.0740  27
62:   0.0000  0.9760  0.0000  0.0240  41
63:   0.0000  0.9700  0.0000  0.0300  33
