 1:   0.0000  0.9520  0.0000  0.0000  0.0000  0.0480  21
 2:   0.0000  0.8610  0.0000  0.0000  0.1110  0.0280  36
 3:   0.0610  0.7580  0.0150  0.0450  0.0760  0.0450  66
 4:   0.0380  0.7120  0.0770  0.0000  0.0960  0.0770  52
 5:   0.0000  0.6474  0.0989  0.0000  0.1269  0.1269  71
 6:   0.0000  0.9570  0.0000  0.0000  0.0000  0.0430  46
 7:   0.0000  0.8970  0.0340  0.0000  0.0520  0.0170  58
 8:   0.0000  0.8442  0.0519  0.0000  0.0519  0.0519  58
 9:   0.0000  0.7880  0.0000  0.0000  0.0910  0.1210  33
10:   0.0000  0.9630  0.0000  0.0370  0.0000  0.0000  27
11:   0.0800  0.8800  0.0400  0.0000  0.0000  0.0000  25
12:   0.0000  0.9039  0.0320  0.0000  0.0320  0.0320  31
13:   0.0000  0.9230  0.0000  0.0000  0.0770  0.0000  52
14:   0.0000  0.9470  0.0000  0.0000  0.0530  0.0000  57
15:   0.0240  0.8330  0.0000  0.0000  0.1190  0.0240  42
16:   0.0240  0.8810  0.0000  0.0000  0.0710  0.0240  42
17:   0.0000  1.0000  0.0000  0.0000  0.0000  0.0000  25
18:   0.0789  0.2108  0.0000  0.0000  0.7103  0.0000  38
19:   0.0290  0.1708  0.0290  0.0290  0.4286  0.3137  35
20:   0.0700  0.0700  0.0530  0.0000  0.7020  0.1050  57
21:   0.1250  0.1250  0.0000  0.1250  0.6250  0.0000  8
22:   0.0000  0.0559  0.0739  0.0559  0.7213  0.0929  54
23:   0.0000  0.0670  0.0000  0.0000  0.8800  0.0530  75
24:   0.0600  0.0200  0.0400  0.0200  0.8400  0.0200  50
25:   0.0000  0.1190  0.0000  0.0000  0.8570  0.0240  42
26:   0.0000  0.0000  0.0000  0.0000  0.9760  0.0240  42
27:   0.4444  0.0000  0.1481  0.0000  0.1481  0.2593  27
28:   0.4444  0.0000  0.0741  0.1111  0.0741  0.2963  27
29:   0.6250  0.0360  0.0000  0.0000  0.0710  0.2680  56
30:   0.6210  0.0000  0.0170  0.1030  0.0520  0.2070  58
31:   0.8549  0.0000  0.0240  0.0240  0.0731  0.0240  41
32:   0.9239  0.0000  0.0000  0.0000  0.0380  0.0380  26
33:   0.6470  0.0390  0.0000  0.0000  0.0980  0.2160  51
34:   0.6450  0.0000  0.0320  0.0650  0.0000  0.2580  31
35:   0.7698  0.0000  0.0000  0.0190  0.0380  0.1732  52
36:   0.8140  0.0000  0.0000  0.0700  0.0230  0.0930  43
37:   0.9139  0.0000  0.0430  0.0430  0.0000  0.0000  23
38:   0.8322  0.0000  0.0480  0.0240  0.0480  0.0480  42
39:   0.8298  0.0240  0.0000  0.0000  0.1221  0.0240  41
40:   0.6670  0.0000  0.0000  0.0000  0.0300  0.3030  33
41:   0.7310  0.0000  0.0000  0.0000  0.0770  0.1920  26
42:   0.7430  0.0000  0.0000  0.0000  0.1430  0.1140  35
43:   0.8188  0.0000  0.0000  0.0450  0.0450  0.0911  22
44:   0.5185  0.0579  0.1349  0.0190  0.0579  0.2118  52
45:   0.5370  0.0240  0.0000  0.0490  0.0240  0.3660  41
46:   0.0651  0.0000  0.0651  0.8048  0.0000  0.0651  46
47:   0.0000  0.0000  0.0000  0.9210  0.0000  0.0790  38
48:   0.0691  0.0000  0.0170  0.7417  0.0000  0.1722  58
49:   0.0180  0.0000  0.0360  0.8188  0.0000  0.1271  55
50:   0.0000  0.0160  0.0160  0.8368  0.0160  0.1151  61
51:   0.0860  0.0000  0.0570  0.6570  0.0000  0.2000  35
52:   0.0000  0.0000  0.1300  0.7830  0.0000  0.0870  23
53:   0.0190  0.0190  0.5580  0.1540  0.0380  0.2120  52
54:   0.0000  0.0000  0.1820  0.6820  0.0910  0.0450  22
55:   0.0000  0.0000  0.2567  0.6853  0.0290  0.0290  35
56:   0.0000  0.0000  0.2860  0.7140  0.0000  0.0000  14
57:   0.0240  0.0000  0.5240  0.1900  0.0240  0.2380  42
58:   0.0770  0.0000  0.4870  0.2310  0.0260  0.1790  39
59:   0.0000  0.0180  0.8750  0.0000  0.0000  0.1070  56
60:   0.0000  0.0000  0.8989  0.0200  0.0200  0.0611  49
61:   0.0000  0.0000  0.9260  0.0370  0.0000  0.0370  27
62:   0.0000  0.0000  0.9510  0.0000  0.0000  0.0490  41
63:   0.0000  0.0000  0.9399  0.0300  0.0000  0.0300  33
