 1:   0.9520  0.0000  0.0480  21
 2:   0.9720  0.0000  0.0280  36
 3:   0.8790  0.0450  0.0760  66
 4:   0.8080  0.0960  0.0960  52
 5:   0.8450  0.1130  0.0420  71
 6:   0.9780  0.0000  0.0220  46
 7:   0.9660  0.0340  0.0000  58
 8:   0.9489  0.0340  0.0170  58
 9:   0.9700  0.0000  0.0300  33
10:   1.0000  0.0000  0.0000  27
11:   0.8800  0.0400  0.0800  25
12:   0.9350  0.0650  0.0000  31
13:   1.0000  0.0000  0.0000  52
14:   1.0000  0.0000  0.0000  57
15:   0.9760  0.0000  0.0240  42
16:   0.9520  0.0240  0.0240  42
17:   0.9600  0.0400  0.0000  25
18:   0.7890  0.0000  0.2110  38
19:   0.6290  0.2570  0.1140  35
20:   0.7370  0.0880  0.1750  57
21:   0.7500  0.1250  0.1250  8
22:   0.5930  0.1480  0.2590  54
23:   0.8800  0.0670  0.0530  75
24:   0.7400  0.1400  0.1200  50
25:   0.8330  0.0240  0.1430  42
26:   0.6670  0.0710  0.2620  42
27:   0.0370  0.2590  0.7040  27
28:   0.0740  0.1850  0.7410  27
29:   0.0360  0.1430  0.8210  56
30:   0.0000  0.1550  0.8450  58
31:   0.0490  0.0490  0.9020  41
32:   0.0000  0.0380  0.9620  26
33:   0.1760  0.0200  0.8040  51
34:   0.0000  0.1610  0.8390  31
35:   0.0190  0.0770  0.9040  52
36:   0.0000  0.0470  0.9530  43
37:   0.0430  0.0430  0.9139  23
38:   0.0000  0.0480  0.9520  42
39:   0.0240  0.0000  0.9760  41
40:   0.0610  0.0300  0.9090  33
41:   0.0380  0.0380  0.9239  26
42:   0.0290  0.0570  0.9140  35
43:   0.0000  0.0000  1.0000  22
44:   0.0960  0.2310  0.6730  52
45:   0.0731  0.1461  0.7808  41
46:   0.0220  0.6300  0.3480  46
47:   0.0000  0.8680  0.1320  38
48:   0.0000  0.9140  0.0860  58
49:   0.0180  0.8368  0.1451  55
50:   0.0330  0.9340  0.0330  61
51:   0.0290  0.8000  0.1710  35
52:   0.0000  0.9570  0.0430  23
53:   0.0380  0.8850  0.0770  52
54:   0.0000  0.9550  0.0450  22
55:   0.0000  0.9710  0.0290  35
56:   0.0000  0.9290  0.0710  14
57:   0.0000  0.9760  0.0240  42
58:   0.0510  0.9230  0.0260  39
59:   0.0180  0.9460  0.0360  56
60:   0.0410  0.9390  0.0200  49
61:   0.0000  1.0000  0.0000  27
62:   0.0000  1.0000  0.0000  41
63:   0.0000  1.0000  0.0000  33
