 1:   0.0050  0.9269  0.0000  0.0000  0.0280  0.0400  21
 2:   0.0100  0.6920  0.0000  0.0010  0.2490  0.0480  36
 3:   0.0400  0.7427  0.0230  0.0320  0.1081  0.0541  66
 4:   0.0300  0.6893  0.0529  0.0300  0.1389  0.0589  52
 5:   0.0230  0.6773  0.0929  0.0030  0.1518  0.0519  71
 6:   0.0030  0.8790  0.0000  0.0010  0.0880  0.0290  46
 7:   0.0020  0.8270  0.0110  0.0010  0.1520  0.0070  58
 8:   0.0080  0.8122  0.0270  0.0120  0.1029  0.0380  58
 9:   0.0110  0.7842  0.0010  0.0070  0.1349  0.0619  33
10:   0.0020  0.8970  0.0110  0.0340  0.0540  0.0020  27
11:   0.0800  0.8030  0.0430  0.0010  0.0530  0.0200  25
12:   0.0040  0.8640  0.0340  0.0050  0.0660  0.0270  31
13:   0.0050  0.8730  0.0000  0.0010  0.1120  0.0090  52
14:   0.0160  0.8910  0.0000  0.0010  0.0840  0.0080  57
15:   0.0120  0.7722  0.0060  0.0010  0.1938  0.0150  42
16:   0.0430  0.8052  0.0020  0.0110  0.1099  0.0290  42
17:   0.0050  0.8160  0.0040  0.0020  0.1590  0.0140  25
18:   0.0531  0.1852  0.0000  0.0010  0.7127  0.0480  38
19:   0.0729  0.1178  0.0878  0.0379  0.5419  0.1417  35
20:   0.0580  0.0830  0.0660  0.0140  0.7050  0.0740  57
21:   0.0670  0.1870  0.1030  0.0090  0.5610  0.0730  8
22:   0.0501  0.0470  0.0801  0.0370  0.7147  0.0711  54
23:   0.0230  0.0490  0.0040  0.0070  0.9090  0.0080  75
24:   0.0501  0.0460  0.0430  0.0090  0.8248  0.0270  50
25:   0.0120  0.0721  0.0010  0.0110  0.8699  0.0340  42
26:   0.0629  0.0210  0.0130  0.0160  0.8671  0.0200  42
27:   0.1738  0.0120  0.0529  0.0959  0.1129  0.5524  27
28:   0.2896  0.0170  0.0551  0.1273  0.0932  0.4178  27
29:   0.3140  0.0330  0.0180  0.0450  0.0660  0.5240  56
30:   0.3896  0.0020  0.0140  0.1189  0.0450  0.4306  58
31:   0.5990  0.0060  0.0120  0.0510  0.0690  0.2630  41
32:   0.9028  0.0030  0.0080  0.0160  0.0271  0.0431  26
33:   0.3946  0.0799  0.0020  0.0150  0.1339  0.3746  51
34:   0.6030  0.0010  0.0470  0.0720  0.0400  0.2370  31
35:   0.6460  0.0050  0.0100  0.0320  0.0350  0.2720  52
36:   0.7370  0.0030  0.0050  0.0330  0.0240  0.1980  43
37:   0.6740  0.0290  0.0370  0.0130  0.0050  0.2420  23
38:   0.6887  0.0040  0.0280  0.0380  0.0280  0.2132  42
39:   0.8740  0.0260  0.0000  0.0020  0.0650  0.0330  41
40:   0.2048  0.0080  0.0060  0.0170  0.0420  0.7223  33
41:   0.3844  0.0130  0.0200  0.0210  0.0490  0.5125  26
42:   0.2470  0.0030  0.0070  0.0170  0.1150  0.6110  35
43:   0.3756  0.0010  0.0030  0.0629  0.0320  0.5255  22
44:   0.1321  0.0400  0.0741  0.0280  0.0721  0.6537  52
45:   0.2607  0.0280  0.0110  0.0729  0.0589  0.5684  41
46:   0.0759  0.0020  0.0500  0.5055  0.0280  0.3387  46
47:   0.0460  0.0000  0.0140  0.8412  0.0070  0.0919  38
48:   0.0539  0.0010  0.0340  0.8392  0.0160  0.0559  58
49:   0.0380  0.0030  0.0360  0.8298  0.0110  0.0821  55
50:   0.0170  0.0160  0.0320  0.8750  0.0180  0.0420  61
51:   0.0879  0.0100  0.1119  0.6713  0.0270  0.0919  35
52:   0.0130  0.0000  0.1540  0.8130  0.0050  0.0150  23
53:   0.0480  0.0130  0.6270  0.2020  0.0560  0.0540  52
54:   0.0360  0.0000  0.1982  0.6817  0.0721  0.0120  22
55:   0.0010  0.0000  0.2405  0.7174  0.0381  0.0030  35
56:   0.0020  0.0000  0.2560  0.7180  0.0010  0.0230  14
57:   0.0320  0.0000  0.5850  0.2990  0.0290  0.0550  42
58:   0.0370  0.0010  0.4850  0.3440  0.0690  0.0640  39
59:   0.0240  0.0080  0.8128  0.0300  0.0060  0.1191  56
60:   0.0060  0.0070  0.8761  0.0559  0.0230  0.0320  49
61:   0.0020  0.0000  0.9310  0.0640  0.0010  0.0020  27
62:   0.0050  0.0020  0.9470  0.0410  0.0010  0.0040  41
63:   0.0010  0.0000  0.9600  0.0340  0.0010  0.0040  33
