 1:   0.0000  0.0000  1.0000  0.0000  21
 2:   0.0000  0.0000  0.9720  0.0280  36
 3:   0.0610  0.0300  0.8640  0.0450  66
 4:   0.0579  0.0579  0.8072  0.0769  52
 5:   0.0140  0.1270  0.8450  0.0140  71
 6:   0.0220  0.0000  0.9780  0.0000  46
 7:   0.0000  0.0340  0.9660  0.0000  58
 8:   0.0170  0.0340  0.9149  0.0340  58
 9:   0.0300  0.0000  0.8790  0.0910  33
10:   0.0000  0.0370  0.9260  0.0370  27
11:   0.1200  0.0400  0.8400  0.0000  25
12:   0.0000  0.0650  0.9350  0.0000  31
13:   0.0000  0.0000  1.0000  0.0000  52
14:   0.0000  0.0000  1.0000  0.0000  57
15:   0.0240  0.0000  0.9760  0.0000  42
16:   0.0480  0.0000  0.9281  0.0240  42
17:   0.0000  0.0400  0.9600  0.0000  25
18:   0.1842  0.0000  0.7898  0.0260  38
19:   0.0860  0.1710  0.4860  0.2570  35
20:   0.1400  0.0700  0.6320  0.1580  57
21:   0.1250  0.1250  0.7500  0.0000  8
22:   0.1479  0.0929  0.5185  0.2408  54
23:   0.0800  0.0000  0.8270  0.0930  75
24:   0.1000  0.1200  0.7400  0.0400  50
25:   0.0711  0.0000  0.8338  0.0951  42
26:   0.2138  0.0480  0.4286  0.3097  42
27:   0.7040  0.1110  0.0370  0.1480  27
28:   0.4444  0.1111  0.0741  0.3704  27
29:   0.8218  0.0891  0.0180  0.0711  56
30:   0.8280  0.0170  0.0000  0.1550  58
31:   0.8298  0.0240  0.0240  0.1221  41
32:   0.9620  0.0000  0.0000  0.0380  26
33:   0.7650  0.0000  0.1760  0.0590  51
34:   0.7413  0.0649  0.0000  0.1938  31
35:   0.8659  0.0380  0.0190  0.0771  52
36:   0.8840  0.0230  0.0000  0.0930  43
37:   0.9139  0.0430  0.0430  0.0000  23
38:   0.9041  0.0480  0.0000  0.0480  42
39:   0.9270  0.0000  0.0490  0.0240  41
40:   0.8480  0.0610  0.0300  0.0610  33
41:   0.8859  0.0380  0.0380  0.0380  26
42:   0.8570  0.0570  0.0290  0.0570  35
43:   0.8640  0.0000  0.0000  0.1360  22
44:   0.6150  0.1540  0.0770  0.1540  52
45:   0.5616  0.0240  0.0240  0.3904  41
46:   0.1300  0.1090  0.0000  0.7610  46
47:   0.0000  0.0000  0.0000  1.0000  38
48:   0.0520  0.0690  0.0000  0.8790  58
49:   0.0180  0.0550  0.0000  0.9270  55
50:   0.0000  0.1150  0.0160  0.8690  61
51:   0.0860  0.1710  0.0000  0.7430  35
52:   0.0430  0.1740  0.0000  0.7830  23
53:   0.0580  0.7880  0.0580  0.0960  52
54:   0.0000  0.2730  0.0000  0.7270  22
55:   0.0000  0.4570  0.0000  0.5430  35
56:   0.0000  0.2860  0.0000  0.7140  14
57:   0.0480  0.6900  0.0000  0.2620  42
58:   0.0260  0.7173  0.0260  0.2308  39
59:   0.0360  0.9281  0.0180  0.0180  56
60:   0.0000  0.8980  0.0200  0.0820  49
61:   0.0000  0.9260  0.0000  0.0740  27
62:   0.0000  1.0000  0.0000  0.0000  41
63:   0.0000  0.9700  0.0000  0.0300  33
