 1:   0.0102  0.7820  0.0000  0.0000  0.0126  0.1953  21
 2:   0.0069  0.6758  0.0000  0.0006  0.1533  0.1635  36
 3:   0.0409  0.6605  0.0189  0.0322  0.0916  0.1559  66
 4:   0.0347  0.6279  0.0508  0.0318  0.1062  0.1487  52
 5:   0.0167  0.6101  0.0909  0.0030  0.1168  0.1625  71
 6:   0.0059  0.8019  0.0000  0.0005  0.0483  0.1433  46
 7:   0.0009  0.7217  0.0138  0.0005  0.0964  0.1668  58
 8:   0.0044  0.8270  0.0307  0.0138  0.0670  0.0571  58
 9:   0.0149  0.7946  0.0005  0.0035  0.1183  0.0682  33
10:   0.0009  0.9036  0.0052  0.0354  0.0274  0.0274  27
11:   0.0603  0.8393  0.0374  0.0004  0.0274  0.0352  25
12:   0.0048  0.8862  0.0303  0.0023  0.0431  0.0333  31
13:   0.0040  0.8792  0.0000  0.0005  0.0887  0.0276  52
14:   0.0090  0.9011  0.0000  0.0004  0.0602  0.0293  57
15:   0.0176  0.8307  0.0047  0.0005  0.1179  0.0286  42
16:   0.0382  0.8197  0.0009  0.0123  0.0833  0.0456  42
17:   0.0027  0.8496  0.0020  0.0011  0.0851  0.0596  25
18:   0.0718  0.2785  0.0000  0.0006  0.5912  0.0580  38
19:   0.0893  0.1660  0.0836  0.0347  0.4737  0.1527  35
20:   0.0924  0.1319  0.0687  0.0091  0.6118  0.0861  57
21:   0.1208  0.2489  0.0947  0.0247  0.4560  0.0548  8
22:   0.0713  0.0912  0.0789  0.0473  0.6408  0.0705  54
23:   0.0351  0.1523  0.0021  0.0127  0.7680  0.0298  75
24:   0.0736  0.1254  0.0517  0.0162  0.6961  0.0370  50
25:   0.0384  0.1637  0.0006  0.0172  0.7482  0.0319  42
26:   0.0461  0.0475  0.0124  0.0101  0.8444  0.0395  42
27:   0.3384  0.0132  0.0689  0.0994  0.1230  0.3571  27
28:   0.3589  0.0263  0.0608  0.1396  0.1015  0.3129  27
29:   0.4794  0.0282  0.0161  0.0462  0.0863  0.3439  56
30:   0.5056  0.0032  0.0150  0.1310  0.0758  0.2695  58
31:   0.6537  0.0051  0.0124  0.0533  0.1041  0.1713  41
32:   0.8374  0.0016  0.0113  0.0148  0.0974  0.0375  26
33:   0.5317  0.0751  0.0010  0.0118  0.1439  0.2365  51
34:   0.6039  0.0005  0.0400  0.0877  0.0508  0.2171  31
35:   0.6962  0.0049  0.0073  0.0393  0.0547  0.1976  52
36:   0.7098  0.0040  0.0069  0.0415  0.0634  0.1743  43
37:   0.7323  0.0242  0.0337  0.0209  0.0318  0.1570  23
38:   0.7143  0.0025  0.0312  0.0405  0.0604  0.1512  42
39:   0.8481  0.0293  0.0001  0.0036  0.0845  0.0344  41
40:   0.4784  0.0048  0.0065  0.0222  0.0534  0.4346  33
41:   0.5590  0.0143  0.0185  0.0239  0.0607  0.3235  26
42:   0.5025  0.0070  0.0091  0.0207  0.1217  0.3390  35
43:   0.5912  0.0042  0.0016  0.0633  0.0428  0.2970  22
44:   0.3684  0.0488  0.1038  0.0471  0.0942  0.3377  52
45:   0.4004  0.0297  0.0128  0.1103  0.0677  0.3790  41
46:   0.0844  0.0007  0.0452  0.5431  0.0837  0.2429  46
47:   0.0271  0.0001  0.0139  0.8601  0.0300  0.0688  38
48:   0.0475  0.0004  0.0230  0.8372  0.0267  0.0652  58
49:   0.0305  0.0014  0.0353  0.8515  0.0132  0.0680  55
50:   0.0113  0.0159  0.0255  0.8553  0.0306  0.0613  61
51:   0.0807  0.0049  0.0932  0.6702  0.0429  0.1081  35
52:   0.0111  0.0000  0.1436  0.7964  0.0136  0.0353  23
53:   0.0453  0.0164  0.5741  0.1864  0.0619  0.1159  52
54:   0.0247  0.0004  0.1958  0.6469  0.0704  0.0617  22
55:   0.0008  0.0002  0.2613  0.6630  0.0307  0.0441  35
56:   0.0015  0.0000  0.2620  0.6785  0.0005  0.0574  14
57:   0.0324  0.0001  0.5509  0.2757  0.0368  0.1041  42
58:   0.0342  0.0005  0.4908  0.2880  0.0761  0.1104  39
59:   0.0247  0.0143  0.8246  0.0207  0.0123  0.1035  56
60:   0.0039  0.0032  0.8663  0.0448  0.0302  0.0515  49
61:   0.0009  0.0000  0.9164  0.0628  0.0006  0.0193  27
62:   0.0024  0.0009  0.9416  0.0283  0.0025  0.0243  41
63:   0.0004  0.0000  0.9450  0.0297  0.0081  0.0168  33
