 1:   0.0000  0.0000  0.9520  0.0480  0.0000  21
 2:   0.0000  0.0000  0.8330  0.0000  0.1670  36
 3:   0.0150  0.0450  0.7880  0.0760  0.0760  66
 4:   0.0580  0.0580  0.7500  0.0380  0.0960  52
 5:   0.1130  0.0140  0.7320  0.0280  0.1130  71
 6:   0.0000  0.0000  0.9570  0.0000  0.0430  46
 7:   0.0340  0.0000  0.8629  0.0000  0.1031  58
 8:   0.0341  0.0341  0.8808  0.0170  0.0341  58
 9:   0.0000  0.0000  0.8180  0.0300  0.1520  33
10:   0.0000  0.0370  0.9260  0.0000  0.0370  27
11:   0.0400  0.0000  0.9200  0.0400  0.0000  25
12:   0.0650  0.0000  0.9030  0.0000  0.0320  31
13:   0.0000  0.0000  0.9040  0.0000  0.0960  52
14:   0.0000  0.0000  0.9470  0.0000  0.0530  57
15:   0.0000  0.0000  0.9050  0.0240  0.0710  42
16:   0.0000  0.0240  0.9041  0.0240  0.0480  42
17:   0.0000  0.0000  1.0000  0.0000  0.0000  25
18:   0.0000  0.0000  0.1840  0.0790  0.7370  38
19:   0.1141  0.0571  0.1712  0.0861  0.5716  35
20:   0.0879  0.0180  0.0699  0.0879  0.7363  57
21:   0.1250  0.0000  0.2500  0.1250  0.5000  8
22:   0.0929  0.0559  0.0370  0.0370  0.7772  54
23:   0.0000  0.0130  0.0670  0.0130  0.9070  75
24:   0.0600  0.0000  0.0400  0.0600  0.8400  50
25:   0.0000  0.0000  0.0950  0.0240  0.8810  42
26:   0.0000  0.0000  0.0000  0.0000  1.0000  42
27:   0.1110  0.2220  0.0000  0.5190  0.1480  27
28:   0.0740  0.1480  0.0370  0.7040  0.0370  27
29:   0.0539  0.0889  0.0539  0.7672  0.0360  56
30:   0.0000  0.1722  0.0000  0.7938  0.0340  58
31:   0.0240  0.0730  0.0000  0.8050  0.0980  41
32:   0.0380  0.0380  0.0000  0.8859  0.0380  26
33:   0.0000  0.0200  0.0979  0.7642  0.1179  51
34:   0.0320  0.1940  0.0000  0.7420  0.0320  31
35:   0.0190  0.0580  0.0000  0.8850  0.0380  52
36:   0.0000  0.0699  0.0000  0.8831  0.0470  43
37:   0.0430  0.0000  0.0430  0.9139  0.0000  23
38:   0.0480  0.0480  0.0000  0.8330  0.0710  42
39:   0.0000  0.0000  0.0240  0.8540  0.1220  41
40:   0.0000  0.0300  0.0000  0.9399  0.0300  33
41:   0.0380  0.0000  0.0000  0.9239  0.0380  26
42:   0.0290  0.0290  0.0000  0.7992  0.1429  35
43:   0.0000  0.0450  0.0000  0.9550  0.0000  22
44:   0.1540  0.0770  0.0580  0.6150  0.0960  52
45:   0.0490  0.0980  0.0240  0.7560  0.0730  41
46:   0.0870  0.8040  0.0000  0.1090  0.0000  46
47:   0.0260  0.9210  0.0000  0.0530  0.0000  38
48:   0.0000  0.9480  0.0000  0.0520  0.0000  58
49:   0.0360  0.9459  0.0000  0.0180  0.0000  55
50:   0.0330  0.9180  0.0330  0.0160  0.0000  61
51:   0.1140  0.8000  0.0000  0.0570  0.0290  35
52:   0.1300  0.8700  0.0000  0.0000  0.0000  23
53:   0.6162  0.2695  0.0381  0.0381  0.0381  52
54:   0.2270  0.6820  0.0000  0.0000  0.0910  22
55:   0.3140  0.6290  0.0000  0.0000  0.0570  35
56:   0.2860  0.7140  0.0000  0.0000  0.0000  14
57:   0.6184  0.3097  0.0000  0.0480  0.0240  42
58:   0.5894  0.3077  0.0000  0.0260  0.0769  39
59:   0.9281  0.0360  0.0180  0.0180  0.0000  56
60:   0.9189  0.0611  0.0000  0.0000  0.0200  49
61:   0.9260  0.0740  0.0000  0.0000  0.0000  27
62:   0.9760  0.0240  0.0000  0.0000  0.0000  41
63:   0.9700  0.0300  0.0000  0.0000  0.0000  33
