 1:   0.0000  0.9520  0.0410  0.0010  0.0060  21
 2:   0.0000  0.7640  0.1240  0.0070  0.1050  36
 3:   0.0300  0.6770  0.1740  0.0340  0.0850  66
 4:   0.0720  0.5610  0.2190  0.0400  0.1080  52
 5:   0.0781  0.5756  0.1952  0.0360  0.1151  71
 6:   0.0010  0.7113  0.2288  0.0150  0.0440  46
 7:   0.0060  0.9020  0.0580  0.0020  0.0320  58
 8:   0.0320  0.1508  0.7483  0.0170  0.0519  58
 9:   0.0020  0.1190  0.7620  0.0340  0.0830  33
10:   0.0260  0.1752  0.7708  0.0010  0.0270  27
11:   0.0170  0.0420  0.8680  0.0310  0.0420  25
12:   0.0310  0.0730  0.8630  0.0050  0.0280  31
13:   0.0010  0.1310  0.7870  0.0040  0.0770  52
14:   0.0000  0.1370  0.8200  0.0070  0.0360  57
15:   0.0010  0.1060  0.8020  0.0070  0.0840  42
16:   0.0140  0.1200  0.7760  0.0190  0.0710  42
17:   0.0060  0.3343  0.5956  0.0080  0.0561  25
18:   0.0010  0.1130  0.1870  0.0590  0.6400  38
19:   0.1380  0.0690  0.1200  0.1190  0.5540  35
20:   0.0679  0.1109  0.0639  0.0839  0.6733  57
21:   0.1051  0.0430  0.1802  0.1251  0.5465  8
22:   0.0990  0.0320  0.0440  0.0550  0.7700  54
23:   0.0110  0.0430  0.0611  0.0090  0.8759  75
24:   0.0490  0.0760  0.0410  0.0480  0.7860  50
25:   0.0050  0.1080  0.0560  0.0200  0.8110  42
26:   0.0290  0.0719  0.0150  0.0250  0.8591  42
27:   0.1940  0.0040  0.0250  0.6340  0.1430  27
28:   0.1758  0.0310  0.0509  0.5584  0.1838  27
29:   0.0920  0.0530  0.0310  0.6930  0.1310  56
30:   0.1180  0.0020  0.0120  0.7870  0.0810  58
31:   0.0570  0.0060  0.0090  0.8020  0.1260  41
32:   0.0090  0.0050  0.0070  0.9420  0.0370  26
33:   0.0090  0.0999  0.0569  0.6833  0.1508  51
34:   0.1240  0.0030  0.0020  0.7990  0.0720  31
35:   0.0609  0.0080  0.0170  0.8322  0.0819  52
36:   0.0410  0.0050  0.0110  0.8640  0.0790  43
37:   0.0360  0.0270  0.0270  0.8830  0.0270  23
38:   0.0680  0.0030  0.0090  0.8450  0.0750  42
39:   0.0050  0.0060  0.0571  0.6857  0.2462  41
40:   0.0390  0.0180  0.0230  0.8340  0.0860  33
41:   0.0460  0.0080  0.0340  0.8432  0.0689  26
42:   0.0350  0.0070  0.0160  0.7918  0.1502  35
43:   0.0120  0.0050  0.0000  0.9369  0.0460  22
44:   0.1500  0.0200  0.0710  0.6410  0.1180  52
45:   0.0760  0.0240  0.0220  0.7590  0.1190  41
46:   0.5400  0.0110  0.0010  0.3950  0.0530  46
47:   0.7163  0.0020  0.0020  0.2198  0.0599  38
48:   0.7310  0.0140  0.0010  0.1930  0.0610  58
49:   0.5616  0.0150  0.0030  0.3504  0.0701  55
50:   0.8012  0.0040  0.0170  0.1309  0.0470  61
51:   0.6350  0.0160  0.0130  0.2730  0.0630  35
52:   0.8580  0.0000  0.0000  0.1020  0.0400  23
53:   0.8530  0.0070  0.0170  0.0570  0.0660  52
54:   0.8509  0.0000  0.0040  0.0681  0.0771  22
55:   0.9181  0.0010  0.0010  0.0360  0.0440  35
56:   0.8690  0.0010  0.0000  0.1220  0.0080  14
57:   0.9159  0.0010  0.0010  0.0460  0.0360  42
58:   0.8570  0.0030  0.0010  0.0420  0.0970  39
59:   0.8530  0.0120  0.0430  0.0750  0.0170  56
60:   0.9140  0.0210  0.0050  0.0250  0.0350  49
61:   0.9880  0.0010  0.0010  0.0040  0.0060  27
62:   0.9740  0.0120  0.0090  0.0040  0.0010  41
63:   0.9950  0.0000  0.0000  0.0010  0.0040  33
