 1:   0.0050  0.9260  0.0000  0.0000  0.0290  0.0400  21
 2:   0.0100  0.6910  0.0000  0.0010  0.2510  0.0470  36
 3:   0.0410  0.7420  0.0230  0.0320  0.1080  0.0540  66
 4:   0.0290  0.6900  0.0530  0.0300  0.1390  0.0590  52
 5:   0.0230  0.6780  0.0930  0.0030  0.1520  0.0510  71
 6:   0.0030  0.8790  0.0000  0.0010  0.0890  0.0280  46
 7:   0.0020  0.8270  0.0110  0.0010  0.1520  0.0070  58
 8:   0.0080  0.8122  0.0270  0.0120  0.1029  0.0380  58
 9:   0.0110  0.7842  0.0010  0.0070  0.1349  0.0619  33
10:   0.0020  0.8970  0.0110  0.0340  0.0540  0.0020  27
11:   0.0800  0.8030  0.0430  0.0010  0.0530  0.0200  25
12:   0.0040  0.8640  0.0340  0.0050  0.0660  0.0270  31
13:   0.0050  0.8730  0.0000  0.0010  0.1120  0.0090  52
14:   0.0160  0.8919  0.0000  0.0010  0.0841  0.0070  57
15:   0.0110  0.7730  0.0060  0.0010  0.1940  0.0150  42
16:   0.0430  0.8052  0.0020  0.0110  0.1099  0.0290  42
17:   0.0050  0.8152  0.0040  0.0020  0.1598  0.0140  25
18:   0.0531  0.1842  0.0000  0.0010  0.7137  0.0480  38
19:   0.0730  0.1180  0.0870  0.0380  0.5430  0.1410  35
20:   0.0580  0.0830  0.0660  0.0140  0.7050  0.0740  57
21:   0.0661  0.1872  0.1031  0.0080  0.5616  0.0741  8
22:   0.0500  0.0480  0.0799  0.0380  0.7133  0.0709  54
23:   0.0230  0.0490  0.0040  0.0070  0.9090  0.0080  75
24:   0.0510  0.0460  0.0430  0.0090  0.8230  0.0280  50
25:   0.0120  0.0721  0.0010  0.0110  0.8699  0.0340  42
26:   0.0630  0.0210  0.0130  0.0160  0.8670  0.0200  42
27:   0.1718  0.0120  0.0529  0.0959  0.1129  0.5544  27
28:   0.2877  0.0170  0.0549  0.1279  0.0939  0.4186  27
29:   0.3100  0.0330  0.0180  0.0450  0.0670  0.5270  56
30:   0.3880  0.0020  0.0140  0.1180  0.0450  0.4330  58
31:   0.5970  0.0060  0.0120  0.0510  0.0690  0.2650  41
32:   0.9010  0.0030  0.0080  0.0160  0.0280  0.0440  26
33:   0.3936  0.0799  0.0020  0.0150  0.1339  0.3756  51
34:   0.6046  0.0010  0.0470  0.0711  0.0400  0.2362  31
35:   0.6476  0.0050  0.0100  0.0310  0.0350  0.2713  52
36:   0.7363  0.0030  0.0050  0.0330  0.0240  0.1988  43
37:   0.6740  0.0290  0.0380  0.0120  0.0050  0.2420  23
38:   0.6880  0.0040  0.0280  0.0380  0.0280  0.2140  42
39:   0.8740  0.0260  0.0000  0.0020  0.0650  0.0330  41
40:   0.2038  0.0080  0.0060  0.0170  0.0420  0.7233  33
41:   0.3820  0.0130  0.0210  0.0210  0.0490  0.5140  26
42:   0.2452  0.0030  0.0070  0.0160  0.1151  0.6136  35
43:   0.3716  0.0010  0.0030  0.0619  0.0320  0.5305  22
44:   0.1330  0.0400  0.0740  0.0290  0.0720  0.6520  52
45:   0.2617  0.0280  0.0110  0.0729  0.0589  0.5674  41
46:   0.0770  0.0020  0.0510  0.5100  0.0280  0.3320  46
47:   0.0470  0.0000  0.0140  0.8412  0.0070  0.0909  38
48:   0.0549  0.0010  0.0340  0.8392  0.0160  0.0549  58
49:   0.0380  0.0030  0.0360  0.8308  0.0110  0.0811  55
50:   0.0170  0.0160  0.0320  0.8750  0.0180  0.0420  61
51:   0.0880  0.0100  0.1120  0.6720  0.0260  0.0920  35
52:   0.0130  0.0000  0.1542  0.8128  0.0050  0.0150  23
53:   0.0480  0.0130  0.6270  0.2020  0.0560  0.0540  52
54:   0.0370  0.0000  0.1980  0.6810  0.0720  0.0120  22
55:   0.0010  0.0000  0.2412  0.7167  0.0380  0.0030  35
56:   0.0020  0.0000  0.2570  0.7170  0.0010  0.0230  14
57:   0.0320  0.0000  0.5846  0.3003  0.0290  0.0541  42
58:   0.0370  0.0010  0.4850  0.3440  0.0690  0.0640  39
59:   0.0240  0.0080  0.8126  0.0301  0.0060  0.1192  56
60:   0.0060  0.0070  0.8770  0.0560  0.0230  0.0310  49
61:   0.0020  0.0000  0.9310  0.0640  0.0010  0.0020  27
62:   0.0050  0.0020  0.9470  0.0410  0.0010  0.0040  41
63:   0.0010  0.0000  0.9600  0.0340  0.0010  0.0040  33
