 1:   0.0300  0.0000  0.9690  0.0010  21
 2:   0.0340  0.0000  0.9590  0.0070  36
 3:   0.0849  0.0300  0.8442  0.0410  66
 4:   0.0730  0.0660  0.8050  0.0560  52
 5:   0.0460  0.1129  0.8272  0.0140  71
 6:   0.0250  0.0000  0.9730  0.0020  46
 7:   0.0070  0.0140  0.9750  0.0040  58
 8:   0.0260  0.0320  0.9120  0.0300  58
 9:   0.0541  0.0020  0.9179  0.0260  33
10:   0.0030  0.0210  0.9491  0.0270  27
11:   0.1019  0.0480  0.8472  0.0030  25
12:   0.0190  0.0410  0.9289  0.0110  31
13:   0.0150  0.0000  0.9820  0.0030  52
14:   0.0290  0.0010  0.9660  0.0040  57
15:   0.0350  0.0130  0.9480  0.0040  42
16:   0.0599  0.0010  0.9121  0.0270  42
17:   0.0180  0.0100  0.9650  0.0070  25
18:   0.2210  0.0010  0.7600  0.0180  38
19:   0.2048  0.1369  0.4985  0.1598  35
20:   0.2298  0.0879  0.6244  0.0579  57
21:   0.2490  0.1240  0.6240  0.0030  8
22:   0.2807  0.0959  0.4855  0.1379  54
23:   0.1440  0.0180  0.7800  0.0580  75
24:   0.1698  0.1029  0.6783  0.0490  50
25:   0.1510  0.0050  0.7730  0.0710  42
26:   0.2810  0.0410  0.5790  0.0990  42
27:   0.6000  0.1020  0.0490  0.2490  27
28:   0.5686  0.0931  0.0881  0.2503  27
29:   0.7842  0.0410  0.0539  0.1209  56
30:   0.7510  0.0430  0.0110  0.1950  58
31:   0.8400  0.0200  0.0360  0.1040  41
32:   0.9290  0.0270  0.0160  0.0280  26
33:   0.7780  0.0040  0.1830  0.0350  51
34:   0.7752  0.0609  0.0100  0.1538  31
35:   0.8830  0.0210  0.0160  0.0800  52
36:   0.8970  0.0130  0.0070  0.0830  43
37:   0.9030  0.0480  0.0290  0.0200  23
38:   0.8800  0.0460  0.0140  0.0600  42
39:   0.9320  0.0010  0.0530  0.0140  41
40:   0.8690  0.0220  0.0300  0.0790  33
41:   0.8380  0.0460  0.0320  0.0840  26
42:   0.8641  0.0200  0.0490  0.0669  35
43:   0.8839  0.0060  0.0130  0.0971  22
44:   0.6460  0.1610  0.0770  0.1160  52
45:   0.6937  0.0280  0.0671  0.2112  41
46:   0.1351  0.0991  0.0100  0.7558  46
47:   0.0550  0.0250  0.0020  0.9180  38
48:   0.0540  0.0450  0.0020  0.8990  58
49:   0.0470  0.0460  0.0050  0.9020  55
50:   0.0230  0.0541  0.0180  0.9049  61
51:   0.1050  0.1500  0.0160  0.7290  35
52:   0.0310  0.1790  0.0000  0.7900  23
53:   0.0670  0.6880  0.0420  0.2030  52
54:   0.0460  0.2480  0.0110  0.6950  22
55:   0.0040  0.3190  0.0060  0.6710  35
56:   0.0070  0.3080  0.0000  0.6850  14
57:   0.0390  0.6420  0.0060  0.3130  42
58:   0.0700  0.5840  0.0200  0.3260  39
59:   0.0590  0.8790  0.0160  0.0460  56
60:   0.0210  0.9001  0.0200  0.0589  49
61:   0.0020  0.9360  0.0000  0.0620  27
62:   0.0060  0.9530  0.0010  0.0400  41
63:   0.0000  0.9620  0.0000  0.0380  33
