 1:   0.0000  0.9520  0.0000  0.0000  0.0000  0.0480  21
 2:   0.0280  0.9161  0.0000  0.0000  0.0000  0.0559  36
 3:   0.0610  0.7880  0.0150  0.0300  0.0760  0.0300  66
 4:   0.0190  0.7698  0.0380  0.0190  0.0581  0.0961  52
 5:   0.0000  0.7882  0.0849  0.0000  0.0420  0.0849  71
 6:   0.0220  0.9560  0.0000  0.0000  0.0220  0.0000  46
 7:   0.0000  0.9149  0.0170  0.0000  0.0340  0.0340  58
 8:   0.0000  0.8970  0.0170  0.0170  0.0170  0.0520  58
 9:   0.0000  0.8480  0.0000  0.0000  0.0910  0.0610  33
10:   0.0000  0.9630  0.0000  0.0370  0.0000  0.0000  27
11:   0.0000  0.8400  0.0400  0.0000  0.0400  0.0800  25
12:   0.0000  0.9359  0.0320  0.0000  0.0000  0.0320  31
13:   0.0190  0.9810  0.0000  0.0000  0.0000  0.0000  52
14:   0.0000  0.9640  0.0000  0.0000  0.0180  0.0180  57
15:   0.0480  0.9281  0.0000  0.0000  0.0240  0.0000  42
16:   0.0240  0.8570  0.0000  0.0240  0.0710  0.0240  42
17:   0.0000  0.9600  0.0000  0.0000  0.0000  0.0400  25
18:   0.1051  0.6847  0.0000  0.0000  0.1051  0.1051  38
19:   0.2860  0.3710  0.0570  0.0860  0.1140  0.0860  35
20:   0.3157  0.4206  0.0529  0.0180  0.1578  0.0350  57
21:   0.3750  0.5000  0.1250  0.0000  0.0000  0.0000  8
22:   0.3516  0.2957  0.0929  0.0929  0.1299  0.0370  54
23:   0.1730  0.6400  0.0000  0.0400  0.1070  0.0400  75
24:   0.3000  0.5200  0.0800  0.0400  0.0600  0.0000  50
25:   0.2860  0.4520  0.0000  0.0950  0.1670  0.0000  42
26:   0.0480  0.0240  0.0000  0.0000  0.9041  0.0240  42
27:   0.1480  0.0000  0.0000  0.0370  0.1110  0.7040  27
28:   0.1850  0.0370  0.0370  0.1110  0.1110  0.5190  27
29:   0.1608  0.0180  0.0180  0.0180  0.2498  0.5355  56
30:   0.1031  0.0000  0.0170  0.0861  0.3794  0.4144  58
31:   0.2198  0.0000  0.0000  0.0490  0.4875  0.2438  41
32:   0.0000  0.0000  0.0000  0.0380  0.8850  0.0770  26
33:   0.3530  0.0980  0.0000  0.0000  0.3730  0.1760  51
34:   0.4515  0.0000  0.0649  0.0320  0.1289  0.3227  31
35:   0.5000  0.0000  0.0000  0.0190  0.2310  0.2500  52
36:   0.3950  0.0000  0.0000  0.0000  0.4650  0.1400  43
37:   0.5220  0.0430  0.0000  0.0000  0.3480  0.0870  23
38:   0.5475  0.0000  0.0240  0.0240  0.3097  0.0949  42
39:   0.8780  0.0240  0.0000  0.0000  0.0980  0.0000  41
40:   0.5150  0.0000  0.0000  0.0000  0.1210  0.3640  33
41:   0.5770  0.0000  0.0000  0.0000  0.1540  0.2690  26
42:   0.5704  0.0290  0.0000  0.0290  0.1429  0.2288  35
43:   0.7277  0.0000  0.0000  0.0000  0.1361  0.1361  22
44:   0.6150  0.0580  0.0580  0.0000  0.0960  0.1730  52
45:   0.4880  0.0490  0.0000  0.1220  0.0240  0.3170  41
46:   0.0220  0.0000  0.0000  0.5864  0.0220  0.3696  46
47:   0.0000  0.0000  0.0260  0.8950  0.0530  0.0260  38
48:   0.0170  0.0000  0.0000  0.8790  0.0520  0.0520  58
49:   0.0180  0.0000  0.0360  0.8550  0.0180  0.0730  55
50:   0.0000  0.0160  0.0000  0.8529  0.0000  0.1311  61
51:   0.0290  0.0000  0.0570  0.7710  0.0860  0.0570  35
52:   0.0430  0.0000  0.1742  0.7397  0.0000  0.0430  23
53:   0.0190  0.0190  0.6150  0.2120  0.0770  0.0580  52
54:   0.0911  0.0000  0.1822  0.6366  0.0450  0.0450  22
55:   0.0000  0.0000  0.3430  0.6570  0.0000  0.0000  35
56:   0.0000  0.0000  0.2860  0.7140  0.0000  0.0000  14
57:   0.0240  0.0000  0.5475  0.2857  0.0000  0.1429  42
58:   0.0770  0.0000  0.5380  0.2310  0.0260  0.1280  39
59:   0.0710  0.0180  0.8040  0.0000  0.0360  0.0710  56
60:   0.0000  0.0000  0.8980  0.0410  0.0200  0.0410  49
61:   0.0000  0.0000  0.8890  0.0740  0.0000  0.0370  27
62:   0.0000  0.0000  0.9760  0.0240  0.0000  0.0000  41
63:   0.0000  0.0000  0.9399  0.0300  0.0000  0.0300  33
