 1:   0.0000  0.0000  1.0000  0.0000  21
 2:   0.0000  0.0000  0.9720  0.0280  36
 3:   0.0760  0.0150  0.8640  0.0450  66
 4:   0.0579  0.0579  0.8072  0.0769  52
 5:   0.0280  0.1130  0.8450  0.0140  71
 6:   0.0220  0.0000  0.9780  0.0000  46
 7:   0.0000  0.0340  0.9660  0.0000  58
 8:   0.0000  0.0340  0.9319  0.0340  58
 9:   0.0300  0.0000  0.9399  0.0300  33
10:   0.0000  0.0370  0.9260  0.0370  27
11:   0.0800  0.0400  0.8800  0.0000  25
12:   0.0000  0.0650  0.9350  0.0000  31
13:   0.0000  0.0000  1.0000  0.0000  52
14:   0.0000  0.0000  1.0000  0.0000  57
15:   0.0240  0.0000  0.9760  0.0000  42
16:   0.0480  0.0000  0.9281  0.0240  42
17:   0.0000  0.0000  1.0000  0.0000  25
18:   0.1580  0.0000  0.7890  0.0530  38
19:   0.0860  0.2000  0.5430  0.1710  35
20:   0.1750  0.0880  0.6840  0.0530  57
21:   0.1250  0.1250  0.7500  0.0000  8
22:   0.1668  0.0929  0.5554  0.1848  54
23:   0.0670  0.0000  0.8530  0.0800  75
24:   0.1000  0.1200  0.7400  0.0400  50
25:   0.0711  0.0000  0.8579  0.0711  42
26:   0.2140  0.0480  0.6670  0.0710  42
27:   0.6670  0.1110  0.0370  0.1850  27
28:   0.4074  0.0741  0.1111  0.4074  27
29:   0.8218  0.0711  0.0360  0.0711  56
30:   0.7760  0.0520  0.0000  0.1720  58
31:   0.8290  0.0240  0.0490  0.0980  41
32:   0.9620  0.0380  0.0000  0.0000  26
33:   0.7848  0.0000  0.1762  0.0390  51
34:   0.7413  0.0649  0.0000  0.1938  31
35:   0.8659  0.0190  0.0190  0.0961  52
36:   0.8840  0.0230  0.0000  0.0930  43
37:   0.9139  0.0430  0.0430  0.0000  23
38:   0.9041  0.0480  0.0000  0.0480  42
39:   0.9520  0.0000  0.0240  0.0240  41
40:   0.8790  0.0300  0.0610  0.0300  33
41:   0.8468  0.0380  0.0380  0.0771  26
42:   0.8851  0.0290  0.0290  0.0569  35
43:   0.8640  0.0000  0.0450  0.0910  22
44:   0.6350  0.1150  0.0960  0.1540  52
45:   0.6106  0.0240  0.0240  0.3413  41
46:   0.1522  0.1301  0.0000  0.7177  46
47:   0.0000  0.0260  0.0000  0.9740  38
48:   0.0340  0.0340  0.0000  0.9319  58
49:   0.0360  0.0550  0.0000  0.9090  55
50:   0.0000  0.0490  0.0330  0.9180  61
51:   0.0860  0.1710  0.0000  0.7430  35
52:   0.0000  0.1740  0.0000  0.8260  23
53:   0.0380  0.7698  0.0380  0.1542  52
54:   0.0000  0.3180  0.0000  0.6820  22
55:   0.0000  0.4000  0.0000  0.6000  35
56:   0.0000  0.3570  0.0000  0.6430  14
57:   0.0480  0.6424  0.0000  0.3097  42
58:   0.0260  0.6404  0.0260  0.3077  39
59:   0.0180  0.9281  0.0180  0.0360  56
60:   0.0000  0.9600  0.0200  0.0200  49
61:   0.0000  0.9260  0.0000  0.0740  27
62:   0.0000  1.0000  0.0000  0.0000  41
63:   0.0000  0.9700  0.0000  0.0300  33
