 1:   0.0000  0.0000  0.0000  0.0000  0.0000  1.0000  21
 2:   0.0000  0.1110  0.0000  0.0000  0.0560  0.8330  36
 3:   0.0150  0.1520  0.0150  0.0450  0.0760  0.6970  66
 4:   0.0380  0.1732  0.0380  0.0581  0.0961  0.5966  52
 5:   0.0280  0.1409  0.1129  0.0140  0.0989  0.6054  71
 6:   0.0000  0.1958  0.0000  0.0000  0.0220  0.7822  46
 7:   0.0000  0.0000  0.0000  0.0000  0.0340  0.9660  58
 8:   0.0000  0.7417  0.0170  0.0521  0.0340  0.1552  58
 9:   0.0300  0.7880  0.0000  0.0000  0.1210  0.0610  33
10:   0.0000  0.8150  0.0000  0.0370  0.0000  0.1480  27
11:   0.0400  0.8800  0.0400  0.0000  0.0000  0.0400  25
12:   0.0000  0.9359  0.0320  0.0000  0.0000  0.0320  31
13:   0.0000  0.7500  0.0000  0.0000  0.0960  0.1540  52
14:   0.0000  0.8250  0.0000  0.0000  0.0350  0.1400  57
15:   0.0000  0.9050  0.0000  0.0000  0.0240  0.0710  42
16:   0.0240  0.7380  0.0000  0.0240  0.0710  0.1430  42
17:   0.0000  0.6800  0.0000  0.0000  0.0400  0.2800  25
18:   0.0530  0.2890  0.0000  0.0000  0.5260  0.1320  38
19:   0.0570  0.2000  0.1710  0.0290  0.4570  0.0860  35
20:   0.0699  0.0180  0.0879  0.0000  0.7363  0.0879  57
21:   0.1250  0.1250  0.1250  0.0000  0.5000  0.1250  8
22:   0.0369  0.0190  0.0928  0.0559  0.7764  0.0190  54
23:   0.0130  0.0669  0.0000  0.0270  0.8661  0.0270  75
24:   0.0600  0.0000  0.0400  0.0200  0.8600  0.0200  50
25:   0.0240  0.0480  0.0000  0.0000  0.8801  0.0480  42
26:   0.0000  0.0000  0.0000  0.0000  0.9760  0.0240  42
27:   0.5560  0.0370  0.1110  0.1850  0.1110  0.0000  27
28:   0.3704  0.0741  0.1111  0.3704  0.0370  0.0370  27
29:   0.7852  0.0180  0.0180  0.0889  0.0360  0.0539  56
30:   0.7768  0.0170  0.0170  0.1552  0.0340  0.0000  58
31:   0.8540  0.0000  0.0240  0.0730  0.0490  0.0000  41
32:   0.9239  0.0000  0.0380  0.0000  0.0380  0.0000  26
33:   0.7650  0.0390  0.0000  0.0200  0.0980  0.0780  51
34:   0.7748  0.0000  0.0320  0.1612  0.0320  0.0000  31
35:   0.8468  0.0190  0.0190  0.0771  0.0380  0.0000  52
36:   0.8609  0.0230  0.0230  0.0701  0.0230  0.0000  43
37:   0.9139  0.0000  0.0430  0.0430  0.0000  0.0000  23
38:   0.8801  0.0000  0.0480  0.0480  0.0240  0.0000  42
39:   0.8531  0.0490  0.0000  0.0000  0.0979  0.0000  41
40:   0.9099  0.0000  0.0300  0.0300  0.0300  0.0000  33
41:   0.8477  0.0381  0.0381  0.0381  0.0381  0.0000  26
42:   0.7710  0.0000  0.0290  0.0570  0.1430  0.0000  35
43:   0.8188  0.0000  0.0000  0.1361  0.0450  0.0000  22
44:   0.5960  0.0580  0.1730  0.1150  0.0580  0.0000  52
45:   0.5370  0.0240  0.0240  0.2930  0.0980  0.0240  41
46:   0.1301  0.0000  0.0651  0.8048  0.0000  0.0000  46
47:   0.0000  0.0000  0.0260  0.9740  0.0000  0.0000  38
48:   0.0520  0.0000  0.0000  0.9310  0.0000  0.0170  58
49:   0.0180  0.0000  0.0360  0.9459  0.0000  0.0000  55
50:   0.0160  0.0160  0.0330  0.9189  0.0160  0.0000  61
51:   0.0860  0.0000  0.1140  0.7710  0.0290  0.0000  35
52:   0.0000  0.0000  0.1300  0.8700  0.0000  0.0000  23
53:   0.0581  0.0190  0.6927  0.1922  0.0380  0.0000  52
54:   0.0000  0.0000  0.2730  0.6360  0.0910  0.0000  22
55:   0.0000  0.0000  0.3140  0.6290  0.0570  0.0000  35
56:   0.0000  0.0000  0.2860  0.7140  0.0000  0.0000  14
57:   0.0480  0.0000  0.6184  0.2857  0.0480  0.0000  42
58:   0.0000  0.0000  0.6150  0.2820  0.1030  0.0000  39
59:   0.0180  0.0180  0.9281  0.0360  0.0000  0.0000  56
60:   0.0000  0.0000  0.9189  0.0611  0.0200  0.0000  49
61:   0.0000  0.0000  0.9630  0.0370  0.0000  0.0000  27
62:   0.0000  0.0000  0.9760  0.0240  0.0000  0.0000  41
63:   0.0000  0.0000  0.9700  0.0300  0.0000  0.0000  33
