 1:   0.0480  0.0000  0.9520  0.0000  21
 2:   0.0280  0.0000  0.9720  0.0000  36
 3:   0.1211  0.0150  0.8188  0.0450  66
 4:   0.0769  0.0579  0.8072  0.0579  52
 5:   0.0140  0.1270  0.8450  0.0140  71
 6:   0.0220  0.0000  0.9780  0.0000  46
 7:   0.0000  0.0340  0.9660  0.0000  58
 8:   0.0340  0.0520  0.8970  0.0170  58
 9:   0.0610  0.0000  0.9090  0.0300  33
10:   0.0000  0.0370  0.9260  0.0370  27
11:   0.0800  0.0400  0.8800  0.0000  25
12:   0.0000  0.0650  0.9350  0.0000  31
13:   0.0000  0.0000  1.0000  0.0000  52
14:   0.0000  0.0000  1.0000  0.0000  57
15:   0.0240  0.0000  0.9760  0.0000  42
16:   0.0240  0.0000  0.9520  0.0240  42
17:   0.0000  0.0400  0.9600  0.0000  25
18:   0.2110  0.0000  0.7890  0.0000  38
19:   0.1430  0.1140  0.6290  0.1140  35
20:   0.1928  0.1229  0.6314  0.0529  57
21:   0.1250  0.1250  0.7500  0.0000  8
22:   0.2038  0.0739  0.5185  0.2038  54
23:   0.0530  0.0000  0.8800  0.0670  75
24:   0.1200  0.1000  0.7400  0.0400  50
25:   0.0950  0.0000  0.8100  0.0950  42
26:   0.2617  0.0480  0.5475  0.1429  42
27:   0.6300  0.0370  0.0370  0.2960  27
28:   0.6670  0.0740  0.0740  0.1850  27
29:   0.8750  0.0000  0.0360  0.0890  56
30:   0.8108  0.0340  0.0000  0.1552  58
31:   0.8540  0.0240  0.0490  0.0730  41
32:   0.9620  0.0000  0.0000  0.0380  26
33:   0.8232  0.0000  0.1568  0.0200  51
34:   0.8068  0.0320  0.0320  0.1291  31
35:   0.9040  0.0000  0.0190  0.0770  52
36:   0.9300  0.0000  0.0000  0.0700  43
37:   0.9139  0.0430  0.0430  0.0000  23
38:   0.9281  0.0480  0.0000  0.0240  42
39:   0.9760  0.0000  0.0240  0.0000  41
40:   0.8790  0.0300  0.0610  0.0300  33
41:   0.9239  0.0380  0.0380  0.0000  26
42:   0.9131  0.0290  0.0290  0.0290  35
43:   0.9550  0.0000  0.0000  0.0450  22
44:   0.6540  0.1920  0.0770  0.0770  52
45:   0.7568  0.0240  0.0731  0.1461  41
46:   0.1520  0.1090  0.0000  0.7390  46
47:   0.0530  0.0260  0.0000  0.9210  38
48:   0.0340  0.0000  0.0000  0.9660  58
49:   0.0360  0.0180  0.0000  0.9459  55
50:   0.0160  0.0330  0.0330  0.9180  61
51:   0.0860  0.1430  0.0000  0.7710  35
52:   0.0000  0.2170  0.0000  0.7830  23
53:   0.0380  0.6737  0.0380  0.2503  52
54:   0.0000  0.2270  0.0000  0.7730  22
55:   0.0000  0.3140  0.0000  0.6860  35
56:   0.0000  0.2140  0.0000  0.7860  14
57:   0.0480  0.5950  0.0000  0.3570  42
58:   0.0770  0.5640  0.0000  0.3590  39
59:   0.0180  0.9281  0.0180  0.0360  56
60:   0.0200  0.9189  0.0000  0.0611  49
61:   0.0000  0.9260  0.0000  0.0740  27
62:   0.0000  0.9760  0.0000  0.0240  41
63:   0.0000  0.9700  0.0000  0.0300  33
