 1:   0.0000  0.0000  1.0000  0.0000  0.0000  21
 2:   0.0000  0.0000  0.9720  0.0280  0.0000  36
 3:   0.0300  0.0150  0.8790  0.0610  0.0150  66
 4:   0.0380  0.0580  0.7500  0.0580  0.0960  52
 5:   0.0701  0.0140  0.8038  0.0420  0.0701  71
 6:   0.0000  0.0000  0.9780  0.0220  0.0000  46
 7:   0.0000  0.0000  0.9660  0.0000  0.0340  58
 8:   0.0170  0.0170  0.9149  0.0170  0.0340  58
 9:   0.0000  0.0300  0.9399  0.0300  0.0000  33
10:   0.0000  0.0370  0.9260  0.0000  0.0370  27
11:   0.0000  0.0000  0.8000  0.0400  0.1600  25
12:   0.0650  0.0000  0.9350  0.0000  0.0000  31
13:   0.0000  0.0000  1.0000  0.0000  0.0000  52
14:   0.0000  0.0000  1.0000  0.0000  0.0000  57
15:   0.0000  0.0000  0.9520  0.0240  0.0240  42
16:   0.0000  0.0240  0.9281  0.0480  0.0000  42
17:   0.0000  0.0000  0.9600  0.0000  0.0400  25
18:   0.0000  0.0000  0.7890  0.2110  0.0000  38
19:   0.0569  0.0290  0.3427  0.1429  0.4286  35
20:   0.0350  0.0180  0.5260  0.2280  0.1930  57
21:   0.1250  0.0000  0.5000  0.2500  0.1250  8
22:   0.0739  0.0929  0.4256  0.2408  0.1668  54
23:   0.0000  0.0400  0.6930  0.1470  0.1200  75
24:   0.0200  0.0200  0.5400  0.1800  0.2400  50
25:   0.0000  0.0240  0.8100  0.0950  0.0710  42
26:   0.0240  0.0240  0.5235  0.2857  0.1429  42
27:   0.0740  0.2960  0.0370  0.5190  0.0740  27
28:   0.1111  0.2963  0.0741  0.4074  0.1111  27
29:   0.0360  0.0710  0.0360  0.8210  0.0360  56
30:   0.0170  0.2242  0.0000  0.7247  0.0340  58
31:   0.0000  0.0730  0.0490  0.8290  0.0490  41
32:   0.0000  0.0380  0.0380  0.8859  0.0380  26
33:   0.0000  0.0200  0.1760  0.7840  0.0200  51
34:   0.0650  0.1610  0.0000  0.7420  0.0320  31
35:   0.0000  0.0770  0.0000  0.8650  0.0580  52
36:   0.0000  0.0470  0.0000  0.8600  0.0930  43
37:   0.0430  0.0000  0.0000  0.9139  0.0430  23
38:   0.0240  0.0480  0.0000  0.8092  0.1189  42
39:   0.0000  0.0000  0.0240  0.9760  0.0000  41
40:   0.0000  0.0300  0.0000  0.8790  0.0910  33
41:   0.0000  0.1151  0.0000  0.7698  0.1151  26
42:   0.0000  0.0569  0.0290  0.8282  0.0859  35
43:   0.0000  0.0450  0.0000  0.9550  0.0000  22
44:   0.0190  0.0580  0.0770  0.4420  0.4040  52
45:   0.0000  0.1950  0.0730  0.6340  0.0980  41
46:   0.0650  0.4350  0.0000  0.0430  0.4570  46
47:   0.0529  0.8941  0.0000  0.0000  0.0529  38
48:   0.0861  0.8458  0.0000  0.0340  0.0340  58
49:   0.0360  0.9099  0.0000  0.0180  0.0360  55
50:   0.0660  0.8690  0.0160  0.0160  0.0330  61
51:   0.1430  0.6570  0.0000  0.0860  0.1140  35
52:   0.1300  0.7830  0.0000  0.0000  0.0870  23
53:   0.6547  0.1151  0.0380  0.0380  0.1542  52
54:   0.3183  0.5455  0.0000  0.0450  0.0911  22
55:   0.3143  0.5145  0.0000  0.0000  0.1712  35
56:   0.5000  0.5000  0.0000  0.0000  0.0000  14
57:   0.4520  0.2620  0.0000  0.0240  0.2620  42
58:   0.4620  0.2050  0.0000  0.0000  0.3330  39
59:   0.2140  0.0180  0.0000  0.0000  0.7680  56
60:   0.1020  0.0000  0.0000  0.0000  0.8980  49
61:   0.8150  0.0370  0.0000  0.0000  0.1480  27
62:   0.8780  0.0000  0.0000  0.0000  0.1220  41
63:   0.3640  0.0300  0.0000  0.0000  0.6060  33
