 1:   0.0000  0.0000  0.9520  0.0480  0.0000  21
 2:   0.0000  0.0280  0.9161  0.0559  0.0000  36
 3:   0.0150  0.0760  0.7730  0.1210  0.0150  66
 4:   0.0380  0.0961  0.8088  0.0190  0.0380  52
 5:   0.1130  0.0280  0.8030  0.0280  0.0280  71
 6:   0.0000  0.0220  0.9560  0.0000  0.0220  46
 7:   0.0000  0.0000  0.9830  0.0000  0.0170  58
 8:   0.0340  0.0170  0.9149  0.0000  0.0340  58
 9:   0.0000  0.0910  0.8480  0.0000  0.0610  33
10:   0.0000  0.0370  0.9630  0.0000  0.0000  27
11:   0.0400  0.0000  0.8000  0.0800  0.0800  25
12:   0.0320  0.0000  0.9359  0.0000  0.0320  31
13:   0.0000  0.0580  0.9420  0.0000  0.0000  52
14:   0.0000  0.0000  0.9820  0.0180  0.0000  57
15:   0.0000  0.0240  0.9520  0.0240  0.0000  42
16:   0.0000  0.0240  0.9520  0.0240  0.0000  42
17:   0.0000  0.0000  0.9600  0.0000  0.0400  25
18:   0.0000  0.0260  0.7630  0.1320  0.0790  38
19:   0.1140  0.4860  0.2290  0.1140  0.0570  35
20:   0.0701  0.2983  0.4565  0.1401  0.0350  57
21:   0.1250  0.1250  0.5000  0.2500  0.0000  8
22:   0.0740  0.3520  0.3520  0.2220  0.0000  54
23:   0.0000  0.3333  0.6136  0.0531  0.0000  75
24:   0.0400  0.3600  0.5000  0.1000  0.0000  50
25:   0.0000  0.2380  0.7140  0.0480  0.0000  42
26:   0.0240  0.5950  0.2860  0.0710  0.0240  42
27:   0.0740  0.1110  0.0370  0.1110  0.6670  27
28:   0.0740  0.1480  0.0740  0.1480  0.5560  27
29:   0.0360  0.1608  0.0360  0.1249  0.6424  56
30:   0.0520  0.0860  0.0000  0.1720  0.6900  58
31:   0.0000  0.0730  0.0490  0.4630  0.4150  41
32:   0.0000  0.0380  0.0000  0.4620  0.5000  26
33:   0.0000  0.0781  0.1371  0.4515  0.3333  51
34:   0.0650  0.0970  0.0000  0.6770  0.1610  31
35:   0.0190  0.1920  0.0190  0.6350  0.1350  52
36:   0.0000  0.0000  0.0000  0.7910  0.2090  43
37:   0.0000  0.0430  0.0430  0.7397  0.1742  23
38:   0.0480  0.0480  0.0000  0.7612  0.1429  42
39:   0.0000  0.0240  0.0000  0.9760  0.0000  41
40:   0.0000  0.1210  0.0000  0.3940  0.4850  33
41:   0.0380  0.0771  0.0000  0.6156  0.2693  26
42:   0.0000  0.2288  0.0290  0.4565  0.2857  35
43:   0.0000  0.2272  0.0000  0.5455  0.2272  22
44:   0.0770  0.2310  0.0580  0.2880  0.3460  52
45:   0.0240  0.2683  0.0240  0.4394  0.2442  41
46:   0.0651  0.5876  0.0000  0.0430  0.3043  46
47:   0.2370  0.4210  0.0000  0.0000  0.3420  38
48:   0.3277  0.3616  0.0000  0.0519  0.2587  58
49:   0.0910  0.6910  0.0000  0.0180  0.2000  55
50:   0.2953  0.5085  0.0160  0.0000  0.1802  61
51:   0.1712  0.5145  0.0000  0.0571  0.2573  35
52:   0.3910  0.5220  0.0000  0.0000  0.0870  23
53:   0.7310  0.0380  0.0580  0.0190  0.1540  52
54:   0.6360  0.2730  0.0000  0.0000  0.0910  22
55:   0.6570  0.3140  0.0000  0.0000  0.0290  35
56:   0.5000  0.5000  0.0000  0.0000  0.0000  14
57:   0.6907  0.0951  0.0000  0.0000  0.2142  42
58:   0.7180  0.1790  0.0000  0.0000  0.1030  39
59:   0.8750  0.0000  0.0180  0.0000  0.1070  56
60:   0.9390  0.0200  0.0000  0.0000  0.0410  49
61:   0.9630  0.0000  0.0000  0.0370  0.0000  27
62:   1.0000  0.0000  0.0000  0.0000  0.0000  41
63:   1.0000  0.0000  0.0000  0.0000  0.0000  33
