 1:   0.0230  0.0000  0.9510  0.0260  21
 2:   0.0150  0.0010  0.7250  0.2590  36
 3:   0.0520  0.0370  0.7790  0.1320  66
 4:   0.0510  0.0730  0.7160  0.1600  52
 5:   0.0440  0.0840  0.7010  0.1710  71
 6:   0.0160  0.0010  0.8951  0.0879  46
 7:   0.0030  0.0110  0.8440  0.1420  58
 8:   0.0230  0.0350  0.8350  0.1070  58
 9:   0.0450  0.0050  0.8050  0.1450  33
10:   0.0010  0.0260  0.9120  0.0610  27
11:   0.0630  0.0270  0.8080  0.1020  25
12:   0.0100  0.0410  0.8740  0.0750  31
13:   0.0070  0.0010  0.8780  0.1140  52
14:   0.0150  0.0010  0.8980  0.0860  57
15:   0.0140  0.0040  0.7940  0.1880  42
16:   0.0290  0.0160  0.8360  0.1190  42
17:   0.0130  0.0100  0.8540  0.1230  25
18:   0.0720  0.0010  0.2070  0.7200  38
19:   0.1390  0.1390  0.1240  0.5980  35
20:   0.0920  0.0700  0.0960  0.7420  57
21:   0.1269  0.1149  0.1908  0.5674  8
22:   0.0620  0.1020  0.0540  0.7820  54
23:   0.0130  0.0110  0.0570  0.9190  75
24:   0.0540  0.0510  0.0610  0.8340  50
25:   0.0270  0.0060  0.0760  0.8910  42
26:   0.0300  0.0360  0.0250  0.9090  42
27:   0.6386  0.1992  0.0140  0.1481  27
28:   0.6100  0.1810  0.0360  0.1730  27
29:   0.7330  0.0970  0.0510  0.1190  56
30:   0.7942  0.1229  0.0050  0.0779  58
31:   0.8160  0.0590  0.0080  0.1170  41
32:   0.9450  0.0090  0.0090  0.0370  26
33:   0.7157  0.0110  0.1001  0.1732  51
34:   0.8078  0.1241  0.0010  0.0671  31
35:   0.8570  0.0600  0.0070  0.0760  52
36:   0.8810  0.0430  0.0050  0.0710  43
37:   0.8941  0.0410  0.0470  0.0180  23
38:   0.8530  0.0700  0.0050  0.0720  42
39:   0.7470  0.0060  0.0510  0.1960  41
40:   0.8530  0.0430  0.0220  0.0820  33
41:   0.8680  0.0470  0.0170  0.0680  26
42:   0.8158  0.0380  0.0050  0.1411  35
43:   0.9401  0.0130  0.0010  0.0460  22
44:   0.6573  0.1558  0.0539  0.1329  52
45:   0.7688  0.0781  0.0380  0.1151  41
46:   0.3810  0.5550  0.0030  0.0610  46
47:   0.2172  0.7247  0.0010  0.0571  38
48:   0.1910  0.7420  0.0020  0.0650  58
49:   0.3370  0.5810  0.0060  0.0760  55
50:   0.1250  0.8070  0.0180  0.0500  61
51:   0.2690  0.6530  0.0160  0.0620  35
52:   0.1020  0.8630  0.0000  0.0350  23
53:   0.0580  0.8580  0.0160  0.0680  52
54:   0.0651  0.8559  0.0000  0.0791  22
55:   0.0350  0.9201  0.0010  0.0440  35
56:   0.1210  0.8710  0.0000  0.0080  14
57:   0.0470  0.9160  0.0010  0.0360  42
58:   0.0440  0.8639  0.0010  0.0911  39
59:   0.0820  0.8740  0.0250  0.0190  56
60:   0.0270  0.9161  0.0150  0.0420  49
61:   0.0040  0.9920  0.0000  0.0040  27
62:   0.0050  0.9770  0.0170  0.0010  41
63:   0.0010  0.9940  0.0000  0.0050  33
