 1:   0.0050  0.9259  0.0000  0.0000  0.0290  0.0400  21
 2:   0.0100  0.6920  0.0000  0.0010  0.2500  0.0470  36
 3:   0.0410  0.7420  0.0230  0.0320  0.1080  0.0540  66
 4:   0.0290  0.6897  0.0531  0.0300  0.1391  0.0591  52
 5:   0.0230  0.6770  0.0930  0.0030  0.1520  0.0520  71
 6:   0.0030  0.8790  0.0000  0.0010  0.0890  0.0280  46
 7:   0.0020  0.8270  0.0110  0.0010  0.1520  0.0070  58
 8:   0.0080  0.8122  0.0270  0.0120  0.1029  0.0380  58
 9:   0.0110  0.7842  0.0010  0.0070  0.1349  0.0619  33
10:   0.0020  0.8970  0.0110  0.0340  0.0540  0.0020  27
11:   0.0789  0.8022  0.0440  0.0010  0.0529  0.0210  25
12:   0.0040  0.8640  0.0340  0.0050  0.0650  0.0280  31
13:   0.0050  0.8730  0.0000  0.0010  0.1120  0.0090  52
14:   0.0160  0.8910  0.0000  0.0010  0.0840  0.0080  57
15:   0.0120  0.7722  0.0060  0.0010  0.1938  0.0150  42
16:   0.0430  0.8052  0.0020  0.0110  0.1099  0.0290  42
17:   0.0050  0.8152  0.0040  0.0020  0.1598  0.0140  25
18:   0.0531  0.1852  0.0000  0.0010  0.7127  0.0480  38
19:   0.0730  0.1180  0.0880  0.0380  0.5420  0.1410  35
20:   0.0580  0.0830  0.0660  0.0140  0.7050  0.0740  57
21:   0.0661  0.1882  0.1031  0.0080  0.5606  0.0741  8
22:   0.0500  0.0480  0.0800  0.0380  0.7140  0.0700  54
23:   0.0230  0.0490  0.0040  0.0070  0.9090  0.0080  75
24:   0.0500  0.0460  0.0430  0.0090  0.8240  0.0280  50
25:   0.0120  0.0721  0.0010  0.0110  0.8699  0.0340  42
26:   0.0630  0.0210  0.0130  0.0160  0.8680  0.0190  42
27:   0.1710  0.0120  0.0520  0.0960  0.1130  0.5560  27
28:   0.2853  0.0170  0.0551  0.1281  0.0931  0.4214  27
29:   0.3090  0.0330  0.0180  0.0450  0.0660  0.5290  56
30:   0.3894  0.0020  0.0130  0.1181  0.0450  0.4324  58
31:   0.5986  0.0060  0.0120  0.0511  0.0691  0.2633  41
32:   0.9019  0.0030  0.0080  0.0160  0.0270  0.0440  26
33:   0.3960  0.0790  0.0020  0.0150  0.1340  0.3740  51
34:   0.6046  0.0010  0.0470  0.0711  0.0400  0.2362  31
35:   0.6460  0.0050  0.0100  0.0310  0.0350  0.2730  52
36:   0.7367  0.0030  0.0050  0.0330  0.0240  0.1982  43
37:   0.6757  0.0290  0.0370  0.0120  0.0050  0.2412  23
38:   0.6883  0.0040  0.0290  0.0380  0.0280  0.2128  42
39:   0.8730  0.0260  0.0000  0.0020  0.0660  0.0330  41
40:   0.2042  0.0070  0.0060  0.0160  0.0420  0.7247  33
41:   0.3856  0.0140  0.0210  0.0210  0.0490  0.5095  26
42:   0.2482  0.0030  0.0070  0.0160  0.1161  0.6096  35
43:   0.3776  0.0010  0.0030  0.0629  0.0320  0.5235  22
44:   0.1340  0.0400  0.0740  0.0280  0.0730  0.6510  52
45:   0.2640  0.0280  0.0110  0.0730  0.0580  0.5660  41
46:   0.0761  0.0010  0.0501  0.5105  0.0280  0.3343  46
47:   0.0460  0.0000  0.0140  0.8420  0.0070  0.0910  38
48:   0.0540  0.0010  0.0340  0.8390  0.0160  0.0560  58
49:   0.0380  0.0030  0.0360  0.8298  0.0110  0.0821  55
50:   0.0170  0.0160  0.0320  0.8750  0.0180  0.0420  61
51:   0.0879  0.0100  0.1119  0.6713  0.0270  0.0919  35
52:   0.0130  0.0000  0.1548  0.8112  0.0050  0.0160  23
53:   0.0480  0.0130  0.6260  0.2030  0.0560  0.0540  52
54:   0.0370  0.0000  0.1982  0.6807  0.0721  0.0120  22
55:   0.0010  0.0000  0.2412  0.7167  0.0380  0.0030  35
56:   0.0020  0.0000  0.2570  0.7170  0.0010  0.0230  14
57:   0.0311  0.0000  0.5842  0.3006  0.0291  0.0551  42
58:   0.0370  0.0010  0.4835  0.3447  0.0689  0.0649  39
59:   0.0240  0.0080  0.8118  0.0300  0.0060  0.1201  56
60:   0.0060  0.0070  0.8761  0.0559  0.0230  0.0320  49
61:   0.0020  0.0000  0.9310  0.0640  0.0010  0.0020  27
62:   0.0050  0.0020  0.9470  0.0410  0.0010  0.0040  41
63:   0.0010  0.0000  0.9600  0.0340  0.0010  0.0040  33
