 1:   0.9690  0.0000  0.0310  21
 2:   0.9550  0.0010  0.0440  36
 3:   0.8600  0.0450  0.0950  66
 4:   0.8250  0.0820  0.0930  52
 5:   0.8352  0.0979  0.0669  71
 6:   0.9710  0.0010  0.0280  46
 7:   0.9780  0.0130  0.0090  58
 8:   0.9219  0.0420  0.0360  58
 9:   0.9271  0.0090  0.0639  33
10:   0.9740  0.0230  0.0030  27
11:   0.8620  0.0360  0.1020  25
12:   0.9340  0.0480  0.0180  31
13:   0.9820  0.0010  0.0170  52
14:   0.9690  0.0020  0.0290  57
15:   0.9590  0.0080  0.0330  42
16:   0.9250  0.0200  0.0550  42
17:   0.9620  0.0140  0.0240  25
18:   0.7800  0.0040  0.2160  38
19:   0.5360  0.2100  0.2540  35
20:   0.6523  0.0979  0.2498  57
21:   0.6410  0.1240  0.2350  8
22:   0.5185  0.1662  0.3153  54
23:   0.8038  0.0541  0.1421  75
24:   0.7023  0.1269  0.1708  50
25:   0.8150  0.0320  0.1530  42
26:   0.6340  0.0860  0.2800  42
27:   0.0500  0.2240  0.7260  27
28:   0.0920  0.1890  0.7190  27
29:   0.0620  0.1050  0.8330  56
30:   0.0140  0.1441  0.8418  58
31:   0.0400  0.0640  0.8960  41
32:   0.0190  0.0160  0.9650  26
33:   0.1900  0.0160  0.7940  51
34:   0.0100  0.1310  0.8590  31
35:   0.0180  0.0670  0.9150  52
36:   0.0080  0.0490  0.9431  43
37:   0.0450  0.0490  0.9060  23
38:   0.0150  0.0760  0.9090  42
39:   0.0601  0.0070  0.9329  41
40:   0.0330  0.0551  0.9119  33
41:   0.0390  0.0511  0.9099  26
42:   0.0510  0.0490  0.9000  35
43:   0.0170  0.0170  0.9660  22
44:   0.0881  0.1692  0.7427  52
45:   0.0739  0.0899  0.8362  41
46:   0.0200  0.5870  0.3930  46
47:   0.0070  0.7710  0.2220  38
48:   0.0090  0.8020  0.1890  58
49:   0.0140  0.6340  0.3520  55
50:   0.0270  0.8340  0.1390  61
51:   0.0310  0.7050  0.2640  35
52:   0.0000  0.8749  0.1251  23
53:   0.0500  0.8750  0.0750  52
54:   0.0150  0.8910  0.0940  22
55:   0.0050  0.9600  0.0350  35
56:   0.0000  0.8819  0.1181  14
57:   0.0090  0.9410  0.0500  42
58:   0.0360  0.8980  0.0660  39
59:   0.0270  0.8909  0.0821  56
60:   0.0340  0.9330  0.0330  49
61:   0.0010  0.9950  0.0040  27
62:   0.0110  0.9820  0.0070  41
63:   0.0000  0.9990  0.0010  33
