 1:   0.0000  0.0000  0.9520  0.0000  0.0480  21
 2:   0.0000  0.0000  0.9440  0.0560  0.0000  36
 3:   0.0150  0.0300  0.8488  0.0761  0.0300  66
 4:   0.0580  0.0380  0.8080  0.0380  0.0580  52
 5:   0.1130  0.0000  0.8170  0.0280  0.0420  71
 6:   0.0000  0.0000  0.9560  0.0220  0.0220  46
 7:   0.0170  0.0000  0.9660  0.0000  0.0170  58
 8:   0.0170  0.0170  0.9140  0.0520  0.0000  58
 9:   0.0000  0.0000  0.9390  0.0000  0.0610  33
10:   0.0000  0.0370  0.9630  0.0000  0.0000  27
11:   0.0400  0.0000  0.8400  0.0800  0.0400  25
12:   0.0320  0.0000  0.9359  0.0000  0.0320  31
13:   0.0000  0.0000  0.9620  0.0380  0.0000  52
14:   0.0000  0.0000  0.9820  0.0180  0.0000  57
15:   0.0000  0.0000  0.9520  0.0240  0.0240  42
16:   0.0000  0.0240  0.8810  0.0240  0.0710  42
17:   0.0000  0.0000  1.0000  0.0000  0.0000  25
18:   0.0000  0.0000  0.7370  0.1050  0.1580  38
19:   0.0860  0.0570  0.4000  0.2860  0.1710  35
20:   0.0699  0.0180  0.5085  0.2458  0.1578  57
21:   0.1250  0.0000  0.5000  0.3750  0.0000  8
22:   0.0740  0.1110  0.3890  0.3150  0.1110  54
23:   0.0000  0.0400  0.6937  0.2132  0.0531  75
24:   0.1000  0.0400  0.5600  0.2200  0.0800  50
25:   0.0000  0.0480  0.7140  0.1670  0.0710  42
26:   0.0000  0.0480  0.4760  0.0950  0.3810  42
27:   0.0370  0.1110  0.0000  0.1480  0.7040  27
28:   0.0740  0.1110  0.0740  0.2220  0.5190  27
29:   0.0000  0.0360  0.0000  0.2857  0.6783  56
30:   0.0170  0.1031  0.0000  0.1722  0.7077  58
31:   0.0000  0.0490  0.0240  0.1461  0.7808  41
32:   0.0000  0.0000  0.0000  0.0380  0.9620  26
33:   0.0000  0.0000  0.1570  0.3920  0.4510  51
34:   0.0320  0.0320  0.0000  0.8068  0.1291  31
35:   0.0000  0.0190  0.0000  0.6730  0.3080  52
36:   0.0000  0.0000  0.0000  0.5580  0.4420  43
37:   0.0430  0.0430  0.0000  0.6096  0.3043  23
38:   0.0240  0.0240  0.0000  0.6663  0.2857  42
39:   0.0000  0.0000  0.0240  0.8780  0.0980  41
40:   0.0000  0.0300  0.0000  0.8488  0.1211  33
41:   0.0380  0.0380  0.0380  0.4234  0.4625  26
42:   0.0000  0.0290  0.0290  0.7133  0.2288  35
43:   0.0000  0.0000  0.0000  0.5910  0.4090  22
44:   0.0770  0.0380  0.0580  0.7310  0.0960  52
45:   0.0000  0.0490  0.0240  0.8780  0.0490  41
46:   0.0870  0.6300  0.0000  0.1740  0.1090  46
47:   0.0260  0.8950  0.0000  0.0260  0.0530  38
48:   0.0170  0.9140  0.0000  0.0690  0.0000  58
49:   0.0180  0.9099  0.0000  0.0360  0.0360  55
50:   0.0000  0.9180  0.0330  0.0330  0.0160  61
51:   0.0860  0.8000  0.0000  0.0570  0.0570  35
52:   0.1740  0.7830  0.0000  0.0430  0.0000  23
53:   0.5960  0.2120  0.0190  0.0000  0.1730  52
54:   0.2272  0.6366  0.0000  0.1361  0.0000  22
55:   0.3140  0.6570  0.0000  0.0290  0.0000  35
56:   0.2142  0.7147  0.0000  0.0711  0.0000  14
57:   0.6670  0.2380  0.0000  0.0710  0.0240  42
58:   0.4870  0.3080  0.0000  0.1540  0.0510  39
59:   0.8921  0.0180  0.0180  0.0360  0.0360  56
60:   0.9189  0.0410  0.0000  0.0200  0.0200  49
61:   0.9260  0.0740  0.0000  0.0000  0.0000  27
62:   0.9760  0.0240  0.0000  0.0000  0.0000  41
63:   0.9700  0.0300  0.0000  0.0000  0.0000  33
