 1:   0.0000  0.0000  0.9520  0.0000  0.0480  21
 2:   0.0000  0.0000  0.9720  0.0000  0.0280  36
 3:   0.0150  0.0450  0.8188  0.0450  0.0761  66
 4:   0.0190  0.0380  0.8468  0.0380  0.0581  52
 5:   0.0701  0.0140  0.8178  0.0701  0.0280  71
 6:   0.0000  0.0000  0.9780  0.0000  0.0220  46
 7:   0.0340  0.0000  0.9489  0.0170  0.0000  58
 8:   0.0519  0.0000  0.8961  0.0000  0.0519  58
 9:   0.0000  0.0910  0.8790  0.0300  0.0000  33
10:   0.0000  0.0000  1.0000  0.0000  0.0000  27
11:   0.0000  0.0400  0.8400  0.1200  0.0000  25
12:   0.0000  0.0650  0.9350  0.0000  0.0000  31
13:   0.0000  0.0000  1.0000  0.0000  0.0000  52
14:   0.0000  0.0000  1.0000  0.0000  0.0000  57
15:   0.0000  0.0240  0.9520  0.0240  0.0000  42
16:   0.0000  0.0240  0.9050  0.0710  0.0000  42
17:   0.0000  0.0000  0.9600  0.0400  0.0000  25
18:   0.0000  0.0000  0.7630  0.1840  0.0530  38
19:   0.0569  0.5425  0.2857  0.0290  0.0859  35
20:   0.0180  0.1750  0.5440  0.0700  0.1930  57
21:   0.1250  0.0000  0.6250  0.1250  0.1250  8
22:   0.0560  0.2220  0.4260  0.0370  0.2590  54
23:   0.0531  0.0531  0.7337  0.0671  0.0931  75
24:   0.0600  0.0800  0.5600  0.0800  0.2200  50
25:   0.0000  0.0710  0.8100  0.0000  0.1190  42
26:   0.0240  0.2382  0.3333  0.0711  0.3333  42
27:   0.1110  0.1480  0.0370  0.5930  0.1110  27
28:   0.1110  0.0370  0.0740  0.5930  0.1850  27
29:   0.0180  0.1069  0.0360  0.6783  0.1608  56
30:   0.0860  0.0860  0.0000  0.4310  0.3970  58
31:   0.0490  0.0000  0.0240  0.7320  0.1950  41
32:   0.0000  0.0000  0.0000  0.1920  0.8080  26
33:   0.0000  0.0390  0.1570  0.4310  0.3730  51
34:   0.0649  0.1289  0.0000  0.5804  0.2258  31
35:   0.0380  0.0581  0.0190  0.4424  0.4424  52
36:   0.0000  0.0470  0.0000  0.6274  0.3257  43
37:   0.0430  0.0000  0.0430  0.6967  0.2172  23
38:   0.0480  0.0000  0.0000  0.5950  0.3570  42
39:   0.0000  0.0240  0.0240  0.9520  0.0000  41
40:   0.0000  0.0000  0.0000  0.6670  0.3330  33
41:   0.0000  0.0771  0.0380  0.1922  0.6927  26
42:   0.0000  0.0000  0.0290  0.4286  0.5425  35
43:   0.0000  0.0000  0.0000  0.2270  0.7730  22
44:   0.0380  0.0380  0.0771  0.2693  0.5776  52
45:   0.0000  0.0490  0.0240  0.0980  0.8290  41
46:   0.0651  0.5876  0.0000  0.0430  0.3043  46
47:   0.3680  0.3680  0.0000  0.0530  0.2110  38
48:   0.3790  0.4310  0.0000  0.0520  0.1380  58
49:   0.3453  0.1822  0.0000  0.0360  0.4364  55
50:   0.4100  0.4100  0.0160  0.0330  0.1310  61
51:   0.2567  0.4286  0.0000  0.0859  0.2288  35
52:   0.5650  0.2610  0.0000  0.0000  0.1740  23
53:   0.2883  0.5776  0.0380  0.0771  0.0190  52
54:   0.3640  0.5450  0.0000  0.0000  0.0910  22
55:   0.4570  0.5140  0.0000  0.0000  0.0290  35
56:   0.5716  0.2863  0.0000  0.0711  0.0711  14
57:   0.5475  0.3806  0.0000  0.0480  0.0240  42
58:   0.5634  0.3586  0.0260  0.0260  0.0260  39
59:   0.6610  0.2140  0.0180  0.0360  0.0710  56
60:   0.6330  0.3270  0.0200  0.0000  0.0200  49
61:   0.9260  0.0740  0.0000  0.0000  0.0000  27
62:   0.9020  0.0980  0.0000  0.0000  0.0000  41
63:   0.8480  0.1520  0.0000  0.0000  0.0000  33
