 1:   0.9520  0.0000  0.0480  21
 2:   0.9720  0.0000  0.0280  36
 3:   0.8640  0.0450  0.0910  66
 4:   0.8270  0.0770  0.0960  52
 5:   0.8450  0.1130  0.0420  71
 6:   0.9780  0.0000  0.0220  46
 7:   0.9830  0.0170  0.0000  58
 8:   0.9319  0.0340  0.0340  58
 9:   0.9700  0.0000  0.0300  33
10:   1.0000  0.0000  0.0000  27
11:   0.8800  0.0400  0.0800  25
12:   0.9350  0.0650  0.0000  31
13:   1.0000  0.0000  0.0000  52
14:   1.0000  0.0000  0.0000  57
15:   0.9760  0.0000  0.0240  42
16:   0.9520  0.0240  0.0240  42
17:   0.9600  0.0000  0.0400  25
18:   0.7890  0.0000  0.2110  38
19:   0.6290  0.2000  0.1710  35
20:   0.7720  0.0880  0.1400  57
21:   0.7500  0.1250  0.1250  8
22:   0.6110  0.1300  0.2590  54
23:   0.8930  0.0670  0.0400  75
24:   0.7600  0.1200  0.1200  50
25:   0.8570  0.0240  0.1190  42
26:   0.6907  0.0711  0.2382  42
27:   0.0740  0.1480  0.7780  27
28:   0.0740  0.1850  0.7410  27
29:   0.0539  0.1429  0.8032  56
30:   0.0000  0.1550  0.8450  58
31:   0.0490  0.0490  0.9020  41
32:   0.0380  0.0000  0.9620  26
33:   0.1760  0.0000  0.8240  51
34:   0.0000  0.1610  0.8390  31
35:   0.0190  0.0770  0.9040  52
36:   0.0000  0.0470  0.9530  43
37:   0.0430  0.0430  0.9139  23
38:   0.0000  0.0480  0.9520  42
39:   0.0240  0.0000  0.9760  41
40:   0.0300  0.0300  0.9399  33
41:   0.0380  0.0380  0.9239  26
42:   0.0290  0.0570  0.9140  35
43:   0.0000  0.0000  1.0000  22
44:   0.0770  0.0960  0.8270  52
45:   0.0730  0.0730  0.8540  41
46:   0.0220  0.5870  0.3910  46
47:   0.0000  0.8160  0.1840  38
48:   0.0000  0.8620  0.1380  58
49:   0.0000  0.6550  0.3450  55
50:   0.0330  0.8690  0.0980  61
51:   0.0290  0.7423  0.2288  35
52:   0.0000  0.9130  0.0870  23
53:   0.0380  0.8850  0.0770  52
54:   0.0450  0.9099  0.0450  22
55:   0.0000  0.9710  0.0290  35
56:   0.0000  0.9290  0.0710  14
57:   0.0000  0.9760  0.0240  42
58:   0.0510  0.9230  0.0260  39
59:   0.0180  0.9460  0.0360  56
60:   0.0410  0.9390  0.0200  49
61:   0.0000  1.0000  0.0000  27
62:   0.0000  1.0000  0.0000  41
63:   0.0000  1.0000  0.0000  33
