 1:   0.9605  0.0000  0.0395  21
 2:   0.9683  0.0005  0.0312  36
 3:   0.8682  0.0437  0.0880  66
 4:   0.8245  0.0811  0.0944  52
 5:   0.8377  0.1020  0.0604  71
 6:   0.9745  0.0005  0.0250  46
 7:   0.9777  0.0178  0.0045  58
 8:   0.9312  0.0380  0.0308  58
 9:   0.9487  0.0045  0.0468  33
10:   0.9840  0.0145  0.0015  27
11:   0.8743  0.0380  0.0877  25
12:   0.9347  0.0563  0.0090  31
13:   0.9908  0.0007  0.0085  52
14:   0.9847  0.0010  0.0143  57
15:   0.9675  0.0040  0.0285  42
16:   0.9365  0.0220  0.0415  42
17:   0.9610  0.0170  0.0220  25
18:   0.7868  0.0019  0.2113  38
19:   0.5774  0.2121  0.2105  35
20:   0.6932  0.0930  0.2138  57
21:   0.6954  0.1245  0.1801  8
22:   0.5557  0.1634  0.2809  54
23:   0.8452  0.0559  0.0989  75
24:   0.7277  0.1285  0.1438  50
25:   0.8316  0.0280  0.1404  42
26:   0.6604  0.0785  0.2611  42
27:   0.0466  0.2107  0.7427  27
28:   0.0830  0.1870  0.7300  27
29:   0.0520  0.1210  0.8270  56
30:   0.0070  0.1496  0.8434  58
31:   0.0445  0.0565  0.8990  41
32:   0.0127  0.0175  0.9698  26
33:   0.1913  0.0113  0.7973  51
34:   0.0050  0.1407  0.8543  31
35:   0.0185  0.0623  0.9192  52
36:   0.0040  0.0440  0.9520  43
37:   0.0440  0.0460  0.9100  23
38:   0.0075  0.0620  0.9305  42
39:   0.0462  0.0075  0.9463  41
40:   0.0395  0.0477  0.9128  33
41:   0.0385  0.0445  0.9170  26
42:   0.0400  0.0483  0.9117  35
43:   0.0085  0.0085  0.9830  22
44:   0.0873  0.1699  0.7429  52
45:   0.0714  0.1017  0.8269  41
46:   0.0192  0.5888  0.3920  46
47:   0.0032  0.8001  0.1967  38
48:   0.0045  0.8432  0.1523  58
49:   0.0115  0.6930  0.2955  55
50:   0.0286  0.8692  0.1022  61
51:   0.0300  0.7381  0.2319  35
52:   0.0000  0.9050  0.0950  23
53:   0.0440  0.8784  0.0776  52
54:   0.0153  0.9117  0.0731  22
55:   0.0025  0.9655  0.0320  35
56:   0.0004  0.9051  0.0945  14
57:   0.0068  0.9526  0.0406  42
58:   0.0435  0.9105  0.0460  39
59:   0.0225  0.9169  0.0606  56
60:   0.0375  0.9359  0.0266  49
61:   0.0003  0.9977  0.0020  27
62:   0.0055  0.9912  0.0033  41
63:   0.0000  0.9995  0.0005  33
