 1:   0.0050  0.9260  0.0000  0.0000  0.0290  0.0400  21
 2:   0.0100  0.6920  0.0000  0.0010  0.2500  0.0470  36
 3:   0.0400  0.7427  0.0230  0.0320  0.1081  0.0541  66
 4:   0.0300  0.6900  0.0530  0.0300  0.1390  0.0580  52
 5:   0.0230  0.6773  0.0929  0.0030  0.1518  0.0519  71
 6:   0.0030  0.8790  0.0000  0.0010  0.0890  0.0280  46
 7:   0.0020  0.8270  0.0110  0.0010  0.1520  0.0070  58
 8:   0.0080  0.8122  0.0270  0.0120  0.1029  0.0380  58
 9:   0.0110  0.7850  0.0010  0.0070  0.1350  0.0610  33
10:   0.0020  0.8970  0.0110  0.0340  0.0540  0.0020  27
11:   0.0799  0.8022  0.0440  0.0010  0.0529  0.0200  25
12:   0.0040  0.8640  0.0340  0.0050  0.0660  0.0270  31
13:   0.0050  0.8730  0.0000  0.0010  0.1120  0.0090  52
14:   0.0170  0.8910  0.0000  0.0010  0.0840  0.0070  57
15:   0.0120  0.7732  0.0060  0.0010  0.1928  0.0150  42
16:   0.0430  0.8052  0.0020  0.0110  0.1109  0.0280  42
17:   0.0050  0.8160  0.0040  0.0020  0.1590  0.0140  25
18:   0.0531  0.1852  0.0000  0.0010  0.7127  0.0480  38
19:   0.0729  0.1179  0.0879  0.0380  0.5425  0.1409  35
20:   0.0580  0.0830  0.0660  0.0140  0.7050  0.0740  57
21:   0.0650  0.1870  0.1040  0.0080  0.5600  0.0760  8
22:   0.0500  0.0480  0.0799  0.0380  0.7133  0.0709  54
23:   0.0230  0.0490  0.0040  0.0070  0.9090  0.0080  75
24:   0.0500  0.0470  0.0430  0.0090  0.8230  0.0280  50
25:   0.0120  0.0720  0.0010  0.0110  0.8700  0.0340  42
26:   0.0629  0.0210  0.0130  0.0160  0.8671  0.0200  42
27:   0.1748  0.0120  0.0529  0.0979  0.1129  0.5495  27
28:   0.2880  0.0170  0.0550  0.1280  0.0940  0.4180  27
29:   0.3120  0.0330  0.0180  0.0450  0.0660  0.5260  56
30:   0.3894  0.0020  0.0130  0.1181  0.0450  0.4324  58
31:   0.5990  0.0060  0.0120  0.0520  0.0680  0.2630  41
32:   0.9019  0.0030  0.0080  0.0160  0.0280  0.0430  26
33:   0.3936  0.0799  0.0020  0.0150  0.1339  0.3756  51
34:   0.6034  0.0010  0.0470  0.0719  0.0400  0.2368  31
35:   0.6446  0.0050  0.0100  0.0310  0.0350  0.2743  52
36:   0.7360  0.0030  0.0050  0.0330  0.0240  0.1990  43
37:   0.6727  0.0290  0.0370  0.0120  0.0050  0.2442  23
38:   0.6843  0.0040  0.0280  0.0380  0.0290  0.2168  42
39:   0.8739  0.0260  0.0000  0.0020  0.0651  0.0330  41
40:   0.2008  0.0080  0.0060  0.0170  0.0420  0.7263  33
41:   0.3794  0.0130  0.0210  0.0210  0.0490  0.5165  26
42:   0.2428  0.0030  0.0070  0.0170  0.1159  0.6144  35
43:   0.3656  0.0010  0.0030  0.0619  0.0320  0.5365  22
44:   0.1311  0.0400  0.0731  0.0280  0.0721  0.6557  52
45:   0.2580  0.0280  0.0110  0.0720  0.0590  0.5720  41
46:   0.0770  0.0010  0.0510  0.5130  0.0280  0.3300  46
47:   0.0470  0.0000  0.0140  0.8412  0.0070  0.0909  38
48:   0.0549  0.0010  0.0340  0.8392  0.0160  0.0549  58
49:   0.0380  0.0030  0.0360  0.8308  0.0110  0.0811  55
50:   0.0170  0.0160  0.0320  0.8759  0.0180  0.0410  61
51:   0.0880  0.0100  0.1120  0.6720  0.0270  0.0910  35
52:   0.0130  0.0000  0.1550  0.8120  0.0050  0.0150  23
53:   0.0480  0.0130  0.6276  0.2022  0.0561  0.0531  52
54:   0.0370  0.0000  0.1980  0.6810  0.0720  0.0120  22
55:   0.0010  0.0000  0.2412  0.7167  0.0380  0.0030  35
56:   0.0020  0.0000  0.2560  0.7170  0.0010  0.0240  14
57:   0.0320  0.0000  0.5840  0.3010  0.0290  0.0540  42
58:   0.0370  0.0010  0.4845  0.3447  0.0689  0.0639  39
59:   0.0240  0.0080  0.8120  0.0310  0.0060  0.1190  56
60:   0.0060  0.0070  0.8770  0.0560  0.0230  0.0310  49
61:   0.0020  0.0000  0.9310  0.0640  0.0010  0.0020  27
62:   0.0050  0.0020  0.9470  0.0410  0.0010  0.0040  41
63:   0.0010  0.0000  0.9600  0.0340  0.0010  0.0040  33
