 1:   0.0000  0.0793  0.8780  0.0217  0.0210  21
 2:   0.0000  0.0672  0.7724  0.0192  0.1412  36
 3:   0.0233  0.0911  0.7484  0.0608  0.0764  66
 4:   0.0510  0.0874  0.7092  0.0449  0.1074  52
 5:   0.0937  0.0579  0.7026  0.0363  0.1096  71
 6:   0.0001  0.0615  0.8730  0.0126  0.0529  46
 7:   0.0144  0.0760  0.8270  0.0026  0.0800  58
 8:   0.0300  0.0315  0.8594  0.0189  0.0601  58
 9:   0.0006  0.0381  0.8412  0.0299  0.0902  33
10:   0.0072  0.0434  0.9154  0.0005  0.0336  27
11:   0.0306  0.0077  0.8261  0.0710  0.0647  25
12:   0.0346  0.0144  0.8992  0.0048  0.0470  31
13:   0.0001  0.0166  0.9142  0.0064  0.0627  52
14:   0.0000  0.0123  0.9334  0.0098  0.0445  57
15:   0.0046  0.0136  0.8614  0.0199  0.1005  42
16:   0.0016  0.0312  0.8666  0.0377  0.0629  42
17:   0.0030  0.0299  0.8879  0.0086  0.0706  25
18:   0.0001  0.0146  0.4321  0.1125  0.4408  38
19:   0.0973  0.1366  0.2221  0.1251  0.4189  35
20:   0.0664  0.0634  0.2639  0.1249  0.4814  57
21:   0.1213  0.0161  0.3449  0.1758  0.3419  8
22:   0.0772  0.1022  0.2000  0.1155  0.5051  54
23:   0.0108  0.0500  0.3243  0.0556  0.5593  75
24:   0.0557  0.0534  0.2617  0.0898  0.5393  50
25:   0.0013  0.0498  0.3646  0.0494  0.5350  42
26:   0.0147  0.0926  0.1756  0.0717  0.6455  42
27:   0.0932  0.1890  0.0198  0.4803  0.2176  27
28:   0.0933  0.1665  0.0519  0.4799  0.2085  27
29:   0.0362  0.0881  0.0367  0.6505  0.1884  56
30:   0.0410  0.1425  0.0031  0.6237  0.1897  58
31:   0.0179  0.0677  0.0178  0.7134  0.1831  41
32:   0.0117  0.0218  0.0058  0.7415  0.2192  26
33:   0.0020  0.0352  0.1208  0.6510  0.1909  51
34:   0.0538  0.1198  0.0006  0.7450  0.0807  31
35:   0.0193  0.0658  0.0071  0.7881  0.1196  52
36:   0.0103  0.0521  0.0026  0.8103  0.1247  43
37:   0.0389  0.0178  0.0263  0.8463  0.0707  23
38:   0.0391  0.0439  0.0032  0.7924  0.1213  42
39:   0.0008  0.0087  0.0335  0.8588  0.0982  41
40:   0.0111  0.0517  0.0107  0.8000  0.1266  33
41:   0.0368  0.0559  0.0150  0.7288  0.1635  26
42:   0.0148  0.0561  0.0151  0.7386  0.1755  35
43:   0.0027  0.0700  0.0004  0.7894  0.1375  22
44:   0.1226  0.0869  0.0613  0.5429  0.1863  52
45:   0.0257  0.1496  0.0329  0.6170  0.1748  41
46:   0.1226  0.6121  0.0009  0.1365  0.1279  46
47:   0.1268  0.7460  0.0006  0.0568  0.0698  38
48:   0.1447  0.7358  0.0005  0.0657  0.0532  58
49:   0.1112  0.7516  0.0015  0.0616  0.0741  55
50:   0.1579  0.7525  0.0207  0.0270  0.0418  61
51:   0.1827  0.6254  0.0057  0.0998  0.0863  35
52:   0.2726  0.6648  0.0000  0.0233  0.0392  23
53:   0.6049  0.1923  0.0268  0.0469  0.1291  52
54:   0.3329  0.5528  0.0003  0.0295  0.0844  22
55:   0.3803  0.5534  0.0005  0.0071  0.0588  35
56:   0.3912  0.5646  0.0000  0.0253  0.0189  14
57:   0.6098  0.2528  0.0005  0.0423  0.0946  42
58:   0.5676  0.2602  0.0027  0.0419  0.1277  39
59:   0.7892  0.0462  0.0161  0.0394  0.1091  56
60:   0.7995  0.0617  0.0075  0.0112  0.1200  49
61:   0.9195  0.0537  0.0001  0.0038  0.0229  27
62:   0.9413  0.0314  0.0020  0.0024  0.0228  41
63:   0.9034  0.0377  0.0000  0.0001  0.0588  33
