 1:   0.0000  0.9050  0.0000  0.0000  0.0000  0.0950  21
 2:   0.0000  0.8330  0.0000  0.0000  0.1670  0.0000  36
 3:   0.0300  0.7277  0.0150  0.0450  0.1061  0.0761  66
 4:   0.0380  0.6927  0.0000  0.0190  0.0961  0.1542  52
 5:   0.0000  0.6480  0.0420  0.0000  0.0990  0.2110  71
 6:   0.0000  0.9570  0.0000  0.0000  0.0000  0.0430  46
 7:   0.0000  0.8280  0.0170  0.0000  0.1030  0.0520  58
 8:   0.0000  0.8450  0.0340  0.0000  0.0690  0.0520  58
 9:   0.0000  0.7580  0.0000  0.0000  0.1210  0.1210  33
10:   0.0000  0.9260  0.0000  0.0370  0.0370  0.0000  27
11:   0.0400  0.8400  0.0400  0.0000  0.0000  0.0800  25
12:   0.0000  0.8390  0.0320  0.0000  0.0970  0.0320  31
13:   0.0000  0.8650  0.0000  0.0000  0.1350  0.0000  52
14:   0.0000  0.9120  0.0000  0.0000  0.0700  0.0180  57
15:   0.0000  0.8330  0.0000  0.0000  0.1190  0.0480  42
16:   0.0240  0.8100  0.0000  0.0000  0.0710  0.0950  42
17:   0.0000  0.9200  0.0000  0.0000  0.0800  0.0000  25
18:   0.0530  0.1580  0.0000  0.0000  0.7630  0.0260  38
19:   0.0569  0.0859  0.0290  0.0290  0.3427  0.4565  35
20:   0.0879  0.0529  0.0699  0.0000  0.7013  0.0879  57
21:   0.1250  0.2500  0.1250  0.0000  0.5000  0.0000  8
22:   0.0000  0.0190  0.0739  0.0190  0.7952  0.0929  54
23:   0.0130  0.0000  0.0000  0.0000  0.9470  0.0400  75
24:   0.0600  0.0200  0.0600  0.0000  0.8200  0.0400  50
25:   0.0240  0.0480  0.0000  0.0000  0.9041  0.0240  42
26:   0.0000  0.0000  0.0480  0.0000  0.8570  0.0950  42
27:   0.5190  0.0000  0.0370  0.0740  0.0740  0.2960  27
28:   0.4815  0.0000  0.0741  0.0370  0.0741  0.3333  27
29:   0.7313  0.0360  0.0180  0.0360  0.0360  0.1429  56
30:   0.6727  0.0000  0.0000  0.1552  0.0340  0.1381  58
31:   0.8042  0.0000  0.0000  0.0490  0.0490  0.0979  41
32:   0.9230  0.0000  0.0000  0.0000  0.0000  0.0770  26
33:   0.6670  0.0390  0.0000  0.0000  0.1570  0.1370  51
34:   0.6450  0.0000  0.0320  0.0970  0.0000  0.2260  31
35:   0.8080  0.0000  0.0000  0.0380  0.0190  0.1350  52
36:   0.8140  0.0000  0.0230  0.0700  0.0230  0.0700  43
37:   0.8268  0.0430  0.0000  0.0430  0.0000  0.0871  23
38:   0.8330  0.0000  0.0480  0.0480  0.0000  0.0710  42
39:   0.8789  0.0240  0.0000  0.0000  0.0731  0.0240  41
40:   0.7580  0.0000  0.0000  0.0300  0.0300  0.1820  33
41:   0.8080  0.0000  0.0000  0.0000  0.0000  0.1920  26
42:   0.7710  0.0000  0.0000  0.0000  0.0860  0.1430  35
43:   0.7738  0.0000  0.0000  0.0450  0.0450  0.1361  22
44:   0.5580  0.0380  0.1350  0.0770  0.0380  0.1540  52
45:   0.6106  0.0240  0.0240  0.1712  0.0240  0.1461  41
46:   0.1090  0.0000  0.0650  0.7830  0.0000  0.0430  46
47:   0.0000  0.0000  0.0000  0.9470  0.0000  0.0530  38
48:   0.0340  0.0000  0.0170  0.9319  0.0000  0.0170  58
49:   0.0180  0.0000  0.0550  0.9270  0.0000  0.0000  55
50:   0.0160  0.0160  0.0000  0.8537  0.0160  0.0982  61
51:   0.0859  0.0000  0.0859  0.7133  0.0290  0.0859  35
52:   0.0000  0.0000  0.1740  0.8260  0.0000  0.0000  23
53:   0.0380  0.0190  0.6156  0.1351  0.0380  0.1542  52
54:   0.0000  0.0000  0.2730  0.5910  0.0910  0.0450  22
55:   0.0000  0.0000  0.3710  0.6000  0.0290  0.0000  35
56:   0.0000  0.0000  0.3570  0.6430  0.0000  0.0000  14
57:   0.0240  0.0000  0.5950  0.2380  0.0240  0.1190  42
58:   0.0260  0.0000  0.5894  0.2308  0.0509  0.1029  39
59:   0.0000  0.0180  0.7852  0.0180  0.0000  0.1788  56
60:   0.0000  0.0000  0.8780  0.0410  0.0200  0.0610  49
61:   0.0000  0.0000  0.8890  0.0740  0.0000  0.0370  27
62:   0.0000  0.0000  0.9520  0.0240  0.0000  0.0240  41
63:   0.0000  0.0000  0.9090  0.0300  0.0000  0.0610  33
