 1:   0.0000  0.0000  0.9520  0.0480  0.0000  21
 2:   0.0000  0.0000  0.9720  0.0280  0.0000  36
 3:   0.0300  0.0300  0.8338  0.0761  0.0300  66
 4:   0.0190  0.0000  0.8080  0.0580  0.1150  52
 5:   0.0420  0.0140  0.8030  0.0280  0.1130  71
 6:   0.0000  0.0000  0.9780  0.0220  0.0000  46
 7:   0.0170  0.0000  0.9660  0.0000  0.0170  58
 8:   0.0340  0.0170  0.9149  0.0340  0.0000  58
 9:   0.0000  0.0610  0.8790  0.0300  0.0300  33
10:   0.0000  0.0370  0.9260  0.0000  0.0370  27
11:   0.0000  0.0000  0.8000  0.0800  0.1200  25
12:   0.0000  0.0000  0.9350  0.0000  0.0650  31
13:   0.0000  0.0000  1.0000  0.0000  0.0000  52
14:   0.0000  0.0000  1.0000  0.0000  0.0000  57
15:   0.0240  0.0000  0.9281  0.0240  0.0240  42
16:   0.0000  0.0240  0.9281  0.0480  0.0000  42
17:   0.0000  0.0000  0.9600  0.0000  0.0400  25
18:   0.0000  0.0260  0.7898  0.1842  0.0000  38
19:   0.0570  0.1140  0.4860  0.1140  0.2290  35
20:   0.0879  0.0180  0.5435  0.1928  0.1578  57
21:   0.1250  0.0000  0.6250  0.2500  0.0000  8
22:   0.0370  0.1110  0.4810  0.2040  0.1670  54
23:   0.0400  0.0270  0.7600  0.0800  0.0930  75
24:   0.1000  0.0200  0.6400  0.1000  0.1400  50
25:   0.0000  0.0480  0.7852  0.1189  0.0480  42
26:   0.0000  0.0240  0.3570  0.1670  0.4520  42
27:   0.1110  0.2220  0.0370  0.5560  0.0740  27
28:   0.0740  0.1110  0.0740  0.6300  0.1110  27
29:   0.0360  0.0360  0.0180  0.8032  0.1069  56
30:   0.0520  0.1720  0.0000  0.7590  0.0170  58
31:   0.0000  0.0730  0.0240  0.8540  0.0490  41
32:   0.0000  0.0380  0.0000  0.8850  0.0770  26
33:   0.0000  0.0200  0.1760  0.7650  0.0390  51
34:   0.0000  0.0970  0.0000  0.8710  0.0320  31
35:   0.0000  0.0580  0.0000  0.8650  0.0770  52
36:   0.0230  0.0700  0.0000  0.9070  0.0000  43
37:   0.0430  0.0000  0.0000  0.9139  0.0430  23
38:   0.0000  0.0711  0.0000  0.8338  0.0951  42
39:   0.0000  0.0000  0.0240  0.9520  0.0240  41
40:   0.0000  0.0610  0.0000  0.9090  0.0300  33
41:   0.0770  0.0000  0.0000  0.9230  0.0000  26
42:   0.0290  0.0569  0.0290  0.8851  0.0000  35
43:   0.0000  0.0910  0.0000  0.9090  0.0000  22
44:   0.2120  0.0960  0.0960  0.5380  0.0580  52
45:   0.0240  0.1952  0.0240  0.5856  0.1712  41
46:   0.0870  0.7390  0.0000  0.0870  0.0870  46
47:   0.0000  0.9210  0.0000  0.0000  0.0790  38
48:   0.0000  0.8790  0.0000  0.0520  0.0690  58
49:   0.0180  0.9279  0.0000  0.0180  0.0360  55
50:   0.0490  0.9180  0.0330  0.0000  0.0000  61
51:   0.1140  0.6860  0.0000  0.0860  0.1140  35
52:   0.1740  0.7830  0.0000  0.0000  0.0430  23
53:   0.1920  0.0770  0.0380  0.0580  0.6350  52
54:   0.2270  0.5910  0.0000  0.0000  0.1820  22
55:   0.2000  0.6000  0.0000  0.0000  0.2000  35
56:   0.2860  0.5710  0.0000  0.0000  0.1430  14
57:   0.3100  0.2380  0.0000  0.0710  0.3810  42
58:   0.3846  0.1538  0.0000  0.0000  0.4615  39
59:   0.6783  0.0360  0.0180  0.0180  0.2498  56
60:   0.7147  0.0000  0.0200  0.0000  0.2653  49
61:   0.8150  0.0740  0.0000  0.0000  0.1110  27
62:   0.8298  0.0240  0.0000  0.0000  0.1461  41
63:   0.8790  0.0300  0.0000  0.0000  0.0910  33
