 1:   0.0010  0.0400  0.0000  0.0000  0.0070  0.9520  21
 2:   0.0050  0.1240  0.0000  0.0020  0.1160  0.7530  36
 3:   0.0320  0.1652  0.0220  0.0310  0.0721  0.6777  66
 4:   0.0400  0.2170  0.0570  0.0400  0.0990  0.5470  52
 5:   0.0290  0.1888  0.1039  0.0070  0.1069  0.5644  71
 6:   0.0120  0.2272  0.0000  0.0010  0.0490  0.7107  46
 7:   0.0010  0.0570  0.0080  0.0010  0.0360  0.8970  58
 8:   0.0130  0.7400  0.0280  0.0190  0.0500  0.1500  58
 9:   0.0340  0.7632  0.0010  0.0070  0.0779  0.1169  33
10:   0.0010  0.7652  0.0080  0.0330  0.0220  0.1708  27
11:   0.0450  0.8580  0.0320  0.0000  0.0240  0.0410  25
12:   0.0060  0.8610  0.0340  0.0030  0.0270  0.0690  31
13:   0.0040  0.7820  0.0000  0.0010  0.0810  0.1320  52
14:   0.0080  0.8158  0.0000  0.0000  0.0380  0.1381  57
15:   0.0090  0.7980  0.0020  0.0010  0.0890  0.1010  42
16:   0.0280  0.7630  0.0010  0.0210  0.0690  0.1180  42
17:   0.0070  0.5964  0.0040  0.0030  0.0639  0.3257  25
18:   0.0691  0.1792  0.0000  0.0020  0.6366  0.1131  38
19:   0.1060  0.1170  0.1090  0.0540  0.5440  0.0700  35
20:   0.0829  0.0619  0.0729  0.0200  0.6603  0.1019  57
21:   0.1209  0.1758  0.1199  0.0050  0.5435  0.0350  8
22:   0.0501  0.0400  0.0831  0.0440  0.7538  0.0290  54
23:   0.0140  0.0610  0.0050  0.0100  0.8720  0.0380  75
24:   0.0519  0.0340  0.0460  0.0090  0.7942  0.0649  50
25:   0.0190  0.0569  0.0020  0.0080  0.8212  0.0929  42
26:   0.0230  0.0130  0.0120  0.0170  0.8700  0.0650  42
27:   0.5280  0.0250  0.0820  0.2280  0.1340  0.0030  27
28:   0.4615  0.0460  0.0839  0.2208  0.1578  0.0300  27
29:   0.6990  0.0290  0.0310  0.0980  0.0970  0.0460  56
30:   0.7230  0.0110  0.0280  0.1710  0.0650  0.0020  58
31:   0.7802  0.0070  0.0170  0.0909  0.0999  0.0050  41
32:   0.9201  0.0040  0.0190  0.0210  0.0330  0.0030  26
33:   0.6840  0.0540  0.0020  0.0270  0.1350  0.0980  51
34:   0.7427  0.0010  0.0521  0.1451  0.0561  0.0030  31
35:   0.8350  0.0150  0.0190  0.0650  0.0590  0.0070  52
36:   0.8370  0.0100  0.0120  0.0760  0.0610  0.0040  43
37:   0.8930  0.0160  0.0460  0.0180  0.0090  0.0180  23
38:   0.8300  0.0100  0.0410  0.0560  0.0590  0.0040  42
39:   0.7818  0.0521  0.0010  0.0090  0.1512  0.0050  41
40:   0.8142  0.0200  0.0180  0.0629  0.0679  0.0170  33
41:   0.7930  0.0300  0.0420  0.0670  0.0610  0.0070  26
42:   0.7778  0.0110  0.0160  0.0511  0.1391  0.0050  35
43:   0.8690  0.0000  0.0040  0.0850  0.0380  0.0040  22
44:   0.5866  0.0581  0.1451  0.0971  0.0961  0.0170  52
45:   0.6446  0.0220  0.0270  0.1802  0.1041  0.0220  41
46:   0.1518  0.0010  0.0939  0.7063  0.0380  0.0090  46
47:   0.0659  0.0010  0.0190  0.9041  0.0090  0.0010  38
48:   0.0570  0.0000  0.0380  0.8830  0.0160  0.0060  58
49:   0.0500  0.0020  0.0450  0.8831  0.0120  0.0080  55
50:   0.0190  0.0150  0.0480  0.8990  0.0160  0.0030  61
51:   0.0981  0.0090  0.1311  0.7137  0.0380  0.0100  35
52:   0.0250  0.0000  0.1690  0.7980  0.0080  0.0000  23
53:   0.0540  0.0170  0.6580  0.2040  0.0610  0.0060  52
54:   0.0210  0.0050  0.2220  0.6750  0.0770  0.0000  22
55:   0.0040  0.0020  0.2730  0.6870  0.0340  0.0000  35
56:   0.0080  0.0000  0.2893  0.7007  0.0010  0.0010  14
57:   0.0390  0.0010  0.6180  0.3080  0.0340  0.0000  42
58:   0.0470  0.0010  0.5445  0.3247  0.0809  0.0020  39
59:   0.0510  0.0230  0.8690  0.0430  0.0110  0.0030  56
60:   0.0170  0.0030  0.8880  0.0540  0.0260  0.0120  49
61:   0.0010  0.0000  0.9339  0.0631  0.0020  0.0000  27
62:   0.0040  0.0010  0.9520  0.0390  0.0010  0.0030  41
63:   0.0000  0.0000  0.9630  0.0360  0.0010  0.0000  33
