 1:   0.0480  0.9520  0.0000  0.0000  0.0000  0.0000  21
 2:   0.0000  0.8610  0.0000  0.0000  0.1390  0.0000  36
 3:   0.0450  0.8038  0.0150  0.0150  0.0911  0.0300  66
 4:   0.0380  0.7120  0.0960  0.0580  0.0960  0.0000  52
 5:   0.0280  0.7180  0.0990  0.0000  0.1270  0.0280  71
 6:   0.0000  0.9570  0.0000  0.0000  0.0430  0.0000  46
 7:   0.0000  0.8620  0.0170  0.0000  0.1210  0.0000  58
 8:   0.0000  0.8979  0.0340  0.0170  0.0340  0.0170  58
 9:   0.0300  0.8180  0.0000  0.0000  0.1520  0.0000  33
10:   0.0000  0.9630  0.0000  0.0370  0.0000  0.0000  27
11:   0.0800  0.8800  0.0400  0.0000  0.0000  0.0000  25
12:   0.0000  0.9030  0.0000  0.0000  0.0320  0.0650  31
13:   0.0000  0.9040  0.0000  0.0000  0.0960  0.0000  52
14:   0.0000  0.9120  0.0000  0.0000  0.0880  0.0000  57
15:   0.0240  0.8801  0.0240  0.0000  0.0480  0.0240  42
16:   0.0240  0.9041  0.0000  0.0240  0.0480  0.0000  42
17:   0.0000  1.0000  0.0000  0.0000  0.0000  0.0000  25
18:   0.0790  0.1580  0.0000  0.0000  0.7630  0.0000  38
19:   0.0290  0.1712  0.1141  0.0000  0.5716  0.1141  35
20:   0.0879  0.0529  0.0699  0.0000  0.7363  0.0529  57
21:   0.1250  0.2500  0.1250  0.0000  0.5000  0.0000  8
22:   0.0370  0.0370  0.0740  0.0370  0.7780  0.0370  54
23:   0.0000  0.0669  0.0000  0.0270  0.9061  0.0000  75
24:   0.0600  0.0400  0.0800  0.0000  0.8200  0.0000  50
25:   0.0000  0.0950  0.0000  0.0000  0.9050  0.0000  42
26:   0.0000  0.0000  0.0000  0.0000  1.0000  0.0000  42
27:   0.5190  0.0000  0.0740  0.1850  0.1480  0.0740  27
28:   0.4074  0.0000  0.0741  0.0741  0.1481  0.2963  27
29:   0.8032  0.0180  0.0180  0.0180  0.0539  0.0889  56
30:   0.7598  0.0000  0.0170  0.1722  0.0340  0.0170  58
31:   0.7800  0.0000  0.0240  0.0490  0.0980  0.0490  41
32:   0.8859  0.0000  0.0000  0.0380  0.0380  0.0380  26
33:   0.7250  0.0590  0.0000  0.0200  0.1760  0.0200  51
34:   0.7420  0.0000  0.0000  0.0970  0.0320  0.1290  31
35:   0.8850  0.0000  0.0000  0.0580  0.0380  0.0190  52
36:   0.8609  0.0000  0.0000  0.0230  0.0230  0.0931  43
37:   0.9139  0.0430  0.0430  0.0000  0.0000  0.0000  23
38:   0.8330  0.0000  0.0240  0.0480  0.0710  0.0240  42
39:   0.8298  0.0240  0.0000  0.0240  0.1221  0.0000  41
40:   0.8790  0.0000  0.0000  0.0300  0.0610  0.0300  33
41:   0.8088  0.0000  0.0380  0.0771  0.0380  0.0380  26
42:   0.7992  0.0000  0.0290  0.0290  0.1429  0.0000  35
43:   0.8640  0.0000  0.0000  0.0910  0.0450  0.0000  22
44:   0.5770  0.0580  0.1540  0.1150  0.0770  0.0190  52
45:   0.5365  0.0240  0.0000  0.1219  0.0979  0.2198  41
46:   0.1091  0.0000  0.0000  0.1301  0.0430  0.7177  46
47:   0.0000  0.0000  0.0000  0.8420  0.0000  0.1580  38
48:   0.0340  0.0000  0.0170  0.7417  0.0000  0.2072  58
49:   0.0180  0.0000  0.0180  0.8910  0.0000  0.0730  55
50:   0.0000  0.0160  0.0490  0.8038  0.0000  0.1311  61
51:   0.0860  0.0000  0.0570  0.5140  0.0290  0.3140  35
52:   0.0000  0.0000  0.0430  0.7830  0.0000  0.1740  23
53:   0.0580  0.0190  0.1350  0.0770  0.0380  0.6730  52
54:   0.0000  0.0000  0.1361  0.3183  0.0450  0.5005  22
55:   0.0000  0.0000  0.1429  0.3427  0.0290  0.4855  35
56:   0.0000  0.0000  0.1430  0.3570  0.0000  0.5000  14
57:   0.0480  0.0000  0.3806  0.1429  0.0480  0.3806  42
58:   0.0000  0.0000  0.2563  0.1792  0.0771  0.4875  39
59:   0.0180  0.0180  0.7500  0.0000  0.0000  0.2140  56
60:   0.0000  0.0000  0.6940  0.0000  0.0200  0.2860  49
61:   0.0000  0.0000  0.8150  0.0740  0.0000  0.1110  27
62:   0.0000  0.0000  0.8290  0.0000  0.0000  0.1710  41
63:   0.0000  0.0000  0.9090  0.0300  0.0000  0.0610  33
